   2.3529000e+01
   2.3498300e+01
   2.3467600e+01
   2.3436900e+01
   2.3406200e+01
   2.3375500e+01
   2.3344800e+01
   2.3314100e+01
   2.3283400e+01
   2.3252700e+01
   2.3222000e+01
   2.3261000e+01
   2.3300000e+01
   2.3339000e+01
   2.3378000e+01
   2.3417000e+01
   2.3456000e+01
   2.3495000e+01
   2.3534000e+01
   2.3573000e+01
   2.3612000e+01
   2.3612000e+01
   2.3612000e+01
   2.3612000e+01
   2.3612000e+01
   2.3612000e+01
   2.3612000e+01
   2.3612000e+01
   2.3612000e+01
   2.3612000e+01
   2.3612000e+01
   2.3612000e+01
   2.3612000e+01
   2.3612000e+01
   2.3612000e+01
   2.3612000e+01
   2.3612000e+01
   2.3612000e+01
   2.3612000e+01
   2.3612000e+01
   2.3612000e+01
   2.3612000e+01
   2.3612000e+01
   2.3612000e+01
   2.3612000e+01
   2.3612000e+01
   2.3612000e+01
   2.3612000e+01
   2.3612000e+01
   2.3612000e+01
   2.3612000e+01
   2.3612000e+01
   2.3612000e+01
   2.3612000e+01
   2.3612000e+01
   2.3612000e+01
   2.3612000e+01
   2.3612000e+01
   2.3612000e+01
   2.3612000e+01
   2.3612000e+01
   2.3612000e+01
   2.3612000e+01
   2.3612000e+01
   2.3612000e+01
   2.3612000e+01
   2.3612000e+01
   2.3612000e+01
   2.3612000e+01
   2.3612000e+01
   2.3612000e+01
   2.3612000e+01
   2.3612000e+01
   2.3612000e+01
   2.3612000e+01
   2.3612000e+01
   2.3612000e+01
   2.3612000e+01
   2.3612000e+01
   2.3612000e+01
   2.3612000e+01
   2.3612000e+01
   1.6000000e+00
   1.9000000e+00
   2.2000000e+00
   2.5000000e+00
   2.8000000e+00
   3.1000000e+00
   3.4000000e+00
   3.7000000e+00
   4.0000000e+00
   4.3000000e+00
   4.6000000e+00
   6.6900000e+00
   8.7800000e+00
   1.0870000e+01
   1.2960000e+01
   1.5050000e+01
   1.7140000e+01
   1.9230000e+01
   2.1320000e+01
   2.3410000e+01
   2.3410000e+01
   2.3410000e+01
   2.3410000e+01
   2.3410000e+01
   2.3410000e+01
   2.3410000e+01
   2.3410000e+01
   2.3410000e+01
   2.3410000e+01
   2.3410000e+01
   2.3410000e+01
   2.3410000e+01
   2.3410000e+01
   2.3410000e+01
   2.3410000e+01
   2.3410000e+01
   2.3410000e+01
   2.3410000e+01
   2.3410000e+01
   2.3410000e+01
   2.3410000e+01
   2.3410000e+01
   2.3410000e+01
   2.3410000e+01
   2.3410000e+01
   2.3410000e+01
   2.3410000e+01
   2.3410000e+01
   2.3410000e+01
   2.3410000e+01
   2.3410000e+01
   2.3410000e+01
   2.3410000e+01
   2.3410000e+01
   2.3410000e+01
   2.3410000e+01
   2.3410000e+01
   2.3410000e+01
   2.3410000e+01
   2.3410000e+01
   2.3410000e+01
   2.3410000e+01
   2.3410000e+01
   2.3410000e+01
   2.3410000e+01
   2.3410000e+01
   2.3410000e+01
   2.3410000e+01
   2.3410000e+01
   2.3410000e+01
   2.3410000e+01
   2.3410000e+01
   2.3410000e+01
   2.3410000e+01
   2.3410000e+01
   2.3410000e+01
   2.3410000e+01
   2.3410000e+01
   2.3410000e+01
   2.3410000e+01
   2.3410000e+01
   2.3410000e+01
   4.1000000e+00
   3.7300000e+00
   3.3600000e+00
   2.9900000e+00
   2.6200000e+00
   2.2500000e+00
   1.8800000e+00
   1.5100000e+00
   1.1400000e+00
   7.7000000e-01
   4.0000000e-01
   1.4000000e+00
   2.4000000e+00
   3.4000000e+00
   4.4000000e+00
   5.4000000e+00
   6.4000000e+00
   7.4000000e+00
   8.4000000e+00
   9.4000000e+00
   1.0400000e+01
   1.0485000e+01
   1.0570000e+01
   1.0655000e+01
   1.0740000e+01
   1.0825000e+01
   1.0910000e+01
   1.0995000e+01
   1.1080000e+01
   1.1165000e+01
   1.1250000e+01
   1.1335000e+01
   1.1420000e+01
   1.1505000e+01
   1.1590000e+01
   1.1675000e+01
   1.1760000e+01
   1.1845000e+01
   1.1930000e+01
   1.2015000e+01
   1.2100000e+01
   1.2185000e+01
   1.2270000e+01
   1.2355000e+01
   1.2440000e+01
   1.2525000e+01
   1.2610000e+01
   1.2695000e+01
   1.2780000e+01
   1.2865000e+01
   1.2950000e+01
   1.3035000e+01
   1.3120000e+01
   1.3205000e+01
   1.3290000e+01
   1.3375000e+01
   1.3460000e+01
   1.3545000e+01
   1.3630000e+01
   1.3715000e+01
   1.3800000e+01
   1.3800000e+01
   1.3800000e+01
   1.3800000e+01
   1.3800000e+01
   1.3800000e+01
   1.3800000e+01
   1.3800000e+01
   1.3800000e+01
   1.3800000e+01
   1.3800000e+01
   1.3800000e+01
   1.3800000e+01
   1.3800000e+01
   1.3800000e+01
   1.3800000e+01
   1.3800000e+01
   1.3800000e+01
   1.3800000e+01
   1.3800000e+01
   1.3800000e+01
   1.3800000e+01
   7.9000000e+00
   7.5700000e+00
   7.2400000e+00
   6.9100000e+00
   6.5800000e+00
   6.2500000e+00
   5.9200000e+00
   5.5900000e+00
   5.2600000e+00
   4.9300000e+00
   4.6000000e+00
   5.3500000e+00
   6.1000000e+00
   6.8500000e+00
   7.6000000e+00
   8.3500000e+00
   9.1000000e+00
   9.8500000e+00
   1.0600000e+01
   1.1350000e+01
   1.2100000e+01
   1.2330000e+01
   1.2560000e+01
   1.2790000e+01
   1.3020000e+01
   1.3250000e+01
   1.3480000e+01
   1.3710000e+01
   1.3940000e+01
   1.4170000e+01
   1.4400000e+01
   1.4630000e+01
   1.4860000e+01
   1.5090000e+01
   1.5320000e+01
   1.5550000e+01
   1.5780000e+01
   1.6010000e+01
   1.6240000e+01
   1.6470000e+01
   1.6700000e+01
   1.6930000e+01
   1.7160000e+01
   1.7390000e+01
   1.7620000e+01
   1.7850000e+01
   1.8080000e+01
   1.8310000e+01
   1.8540000e+01
   1.8770000e+01
   1.9000000e+01
   1.9230000e+01
   1.9460000e+01
   1.9690000e+01
   1.9920000e+01
   2.0150000e+01
   2.0380000e+01
   2.0610000e+01
   2.0840000e+01
   2.1070000e+01
   2.1300000e+01
   2.1300000e+01
   2.1300000e+01
   2.1300000e+01
   2.1300000e+01
   2.1300000e+01
   2.1300000e+01
   2.1300000e+01
   2.1300000e+01
   2.1300000e+01
   2.1300000e+01
   2.1300000e+01
   2.1300000e+01
   2.1300000e+01
   2.1300000e+01
   2.1300000e+01
   2.1300000e+01
   2.1300000e+01
   2.1300000e+01
   2.1300000e+01
   2.1300000e+01
   2.1300000e+01
   6.0000000e-01
   1.0300000e+00
   1.4600000e+00
   1.8900000e+00
   2.3200000e+00
   2.7500000e+00
   3.1800000e+00
   3.6100000e+00
   4.0400000e+00
   4.4700000e+00
   4.9000000e+00
   5.5300000e+00
   6.1600000e+00
   6.7900000e+00
   7.4200000e+00
   8.0500000e+00
   8.6800000e+00
   9.3100000e+00
   9.9400000e+00
   1.0570000e+01
   1.1200000e+01
   1.1645000e+01
   1.2090000e+01
   1.2535000e+01
   1.2980000e+01
   1.3425000e+01
   1.3870000e+01
   1.4315000e+01
   1.4760000e+01
   1.5205000e+01
   1.5650000e+01
   1.6095000e+01
   1.6540000e+01
   1.6985000e+01
   1.7430000e+01
   1.7875000e+01
   1.8320000e+01
   1.8765000e+01
   1.9210000e+01
   1.9655000e+01
   2.0100000e+01
   2.0545000e+01
   2.0990000e+01
   2.1435000e+01
   2.1880000e+01
   2.2325000e+01
   2.2770000e+01
   2.3215000e+01
   2.3660000e+01
   2.4105000e+01
   2.4550000e+01
   2.4995000e+01
   2.5440000e+01
   2.5885000e+01
   2.6330000e+01
   2.6775000e+01
   2.7220000e+01
   2.7665000e+01
   2.8110000e+01
   2.8555000e+01
   2.9000000e+01
   2.9000000e+01
   2.9000000e+01
   2.9000000e+01
   2.9000000e+01
   2.9000000e+01
   2.9000000e+01
   2.9000000e+01
   2.9000000e+01
   2.9000000e+01
   2.9000000e+01
   2.9000000e+01
   2.9000000e+01
   2.9000000e+01
   2.9000000e+01
   2.9000000e+01
   2.9000000e+01
   2.9000000e+01
   2.9000000e+01
   2.9000000e+01
   2.9000000e+01
   2.9000000e+01
   1.1000000e+00
   2.2500000e+00
   3.4000000e+00
   4.5500000e+00
   5.7000000e+00
   6.8500000e+00
   8.0000000e+00
   9.1500000e+00
   1.0300000e+01
   1.1450000e+01
   1.2600000e+01
   1.3180000e+01
   1.3760000e+01
   1.4340000e+01
   1.4920000e+01
   1.5500000e+01
   1.6080000e+01
   1.6660000e+01
   1.7240000e+01
   1.7820000e+01
   1.8400000e+01
   1.8577500e+01
   1.8755000e+01
   1.8932500e+01
   1.9110000e+01
   1.9287500e+01
   1.9465000e+01
   1.9642500e+01
   1.9820000e+01
   1.9997500e+01
   2.0175000e+01
   2.0352500e+01
   2.0530000e+01
   2.0707500e+01
   2.0885000e+01
   2.1062500e+01
   2.1240000e+01
   2.1417500e+01
   2.1595000e+01
   2.1772500e+01
   2.1950000e+01
   2.2127500e+01
   2.2305000e+01
   2.2482500e+01
   2.2660000e+01
   2.2837500e+01
   2.3015000e+01
   2.3192500e+01
   2.3370000e+01
   2.3547500e+01
   2.3725000e+01
   2.3902500e+01
   2.4080000e+01
   2.4257500e+01
   2.4435000e+01
   2.4612500e+01
   2.4790000e+01
   2.4967500e+01
   2.5145000e+01
   2.5322500e+01
   2.5500000e+01
   2.5500000e+01
   2.5500000e+01
   2.5500000e+01
   2.5500000e+01
   2.5500000e+01
   2.5500000e+01
   2.5500000e+01
   2.5500000e+01
   2.5500000e+01
   2.5500000e+01
   2.5500000e+01
   2.5500000e+01
   2.5500000e+01
   2.5500000e+01
   2.5500000e+01
   2.5500000e+01
   2.5500000e+01
   2.5500000e+01
   2.5500000e+01
   2.5500000e+01
   2.5500000e+01
   1.9000000e+00
   1.7600000e+00
   1.6200000e+00
   1.4800000e+00
   1.3400000e+00
   1.2000000e+00
   1.0600000e+00
   9.2000000e-01
   7.8000000e-01
   6.4000000e-01
   5.0000000e-01
   9.3000000e-01
   1.3600000e+00
   1.7900000e+00
   2.2200000e+00
   2.6500000e+00
   3.0800000e+00
   3.5100000e+00
   3.9400000e+00
   4.3700000e+00
   4.8000000e+00
   5.3475000e+00
   5.8950000e+00
   6.4425000e+00
   6.9900000e+00
   7.5375000e+00
   8.0850000e+00
   8.6325000e+00
   9.1800000e+00
   9.7275000e+00
   1.0275000e+01
   1.0822500e+01
   1.1370000e+01
   1.1917500e+01
   1.2465000e+01
   1.3012500e+01
   1.3560000e+01
   1.4107500e+01
   1.4655000e+01
   1.5202500e+01
   1.5750000e+01
   1.6297500e+01
   1.6845000e+01
   1.7392500e+01
   1.7940000e+01
   1.8487500e+01
   1.9035000e+01
   1.9582500e+01
   2.0130000e+01
   2.0677500e+01
   2.1225000e+01
   2.1772500e+01
   2.2320000e+01
   2.2867500e+01
   2.3415000e+01
   2.3962500e+01
   2.4510000e+01
   2.5057500e+01
   2.5605000e+01
   2.6152500e+01
   2.6700000e+01
   2.6700000e+01
   2.6700000e+01
   2.6700000e+01
   2.6700000e+01
   2.6700000e+01
   2.6700000e+01
   2.6700000e+01
   2.6700000e+01
   2.6700000e+01
   2.6700000e+01
   2.6700000e+01
   2.6700000e+01
   2.6700000e+01
   2.6700000e+01
   2.6700000e+01
   2.6700000e+01
   2.6700000e+01
   2.6700000e+01
   2.6700000e+01
   2.6700000e+01
   2.6700000e+01
   1.0900000e+01
   1.1120000e+01
   1.1340000e+01
   1.1560000e+01
   1.1780000e+01
   1.2000000e+01
   1.2220000e+01
   1.2440000e+01
   1.2660000e+01
   1.2880000e+01
   1.3100000e+01
   1.3620000e+01
   1.4140000e+01
   1.4660000e+01
   1.5180000e+01
   1.5700000e+01
   1.6220000e+01
   1.6740000e+01
   1.7260000e+01
   1.7780000e+01
   1.8300000e+01
   1.8302500e+01
   1.8305000e+01
   1.8307500e+01
   1.8310000e+01
   1.8312500e+01
   1.8315000e+01
   1.8317500e+01
   1.8320000e+01
   1.8322500e+01
   1.8325000e+01
   1.8327500e+01
   1.8330000e+01
   1.8332500e+01
   1.8335000e+01
   1.8337500e+01
   1.8340000e+01
   1.8342500e+01
   1.8345000e+01
   1.8347500e+01
   1.8350000e+01
   1.8352500e+01
   1.8355000e+01
   1.8357500e+01
   1.8360000e+01
   1.8362500e+01
   1.8365000e+01
   1.8367500e+01
   1.8370000e+01
   1.8372500e+01
   1.8375000e+01
   1.8377500e+01
   1.8380000e+01
   1.8382500e+01
   1.8385000e+01
   1.8387500e+01
   1.8390000e+01
   1.8392500e+01
   1.8395000e+01
   1.8397500e+01
   1.8400000e+01
   1.8400000e+01
   1.8400000e+01
   1.8400000e+01
   1.8400000e+01
   1.8400000e+01
   1.8400000e+01
   1.8400000e+01
   1.8400000e+01
   1.8400000e+01
   1.8400000e+01
   1.8400000e+01
   1.8400000e+01
   1.8400000e+01
   1.8400000e+01
   1.8400000e+01
   1.8400000e+01
   1.8400000e+01
   1.8400000e+01
   1.8400000e+01
   1.8400000e+01
   1.8400000e+01
   1.1872000e+01
   1.2474400e+01
   1.3076800e+01
   1.3679200e+01
   1.4281600e+01
   1.4884000e+01
   1.5486400e+01
   1.6088800e+01
   1.6691200e+01
   1.7293600e+01
   1.7896000e+01
   1.8098500e+01
   1.8301000e+01
   1.8503500e+01
   1.8706000e+01
   1.8908500e+01
   1.9111000e+01
   1.9313500e+01
   1.9516000e+01
   1.9718500e+01
   1.9921000e+01
   1.9963725e+01
   2.0006450e+01
   2.0049175e+01
   2.0091900e+01
   2.0134625e+01
   2.0177350e+01
   2.0220075e+01
   2.0262800e+01
   2.0305525e+01
   2.0348250e+01
   2.0390975e+01
   2.0433700e+01
   2.0476425e+01
   2.0519150e+01
   2.0561875e+01
   2.0604600e+01
   2.0647325e+01
   2.0690050e+01
   2.0732775e+01
   2.0775500e+01
   2.0818225e+01
   2.0860950e+01
   2.0903675e+01
   2.0946400e+01
   2.0989125e+01
   2.1031850e+01
   2.1074575e+01
   2.1117300e+01
   2.1160025e+01
   2.1202750e+01
   2.1245475e+01
   2.1288200e+01
   2.1330925e+01
   2.1373650e+01
   2.1416375e+01
   2.1459100e+01
   2.1501825e+01
   2.1544550e+01
   2.1587275e+01
   2.1630000e+01
   2.1630000e+01
   2.1630000e+01
   2.1630000e+01
   2.1630000e+01
   2.1630000e+01
   2.1630000e+01
   2.1630000e+01
   2.1630000e+01
   2.1630000e+01
   2.1630000e+01
   2.1630000e+01
   2.1630000e+01
   2.1630000e+01
   2.1630000e+01
   2.1630000e+01
   2.1630000e+01
   2.1630000e+01
   2.1630000e+01
   2.1630000e+01
   2.1630000e+01
   2.1630000e+01
   2.2459000e+01
   2.2746900e+01
   2.3034800e+01
   2.3322700e+01
   2.3610600e+01
   2.3898500e+01
   2.4186400e+01
   2.4474300e+01
   2.4762200e+01
   2.5050100e+01
   2.5338000e+01
   2.5509100e+01
   2.5680200e+01
   2.5851300e+01
   2.6022400e+01
   2.6193500e+01
   2.6364600e+01
   2.6535700e+01
   2.6706800e+01
   2.6877900e+01
   2.7049000e+01
   2.7105075e+01
   2.7161150e+01
   2.7217225e+01
   2.7273300e+01
   2.7329375e+01
   2.7385450e+01
   2.7441525e+01
   2.7497600e+01
   2.7553675e+01
   2.7609750e+01
   2.7665825e+01
   2.7721900e+01
   2.7777975e+01
   2.7834050e+01
   2.7890125e+01
   2.7946200e+01
   2.8002275e+01
   2.8058350e+01
   2.8114425e+01
   2.8170500e+01
   2.8226575e+01
   2.8282650e+01
   2.8338725e+01
   2.8394800e+01
   2.8450875e+01
   2.8506950e+01
   2.8563025e+01
   2.8619100e+01
   2.8675175e+01
   2.8731250e+01
   2.8787325e+01
   2.8843400e+01
   2.8899475e+01
   2.8955550e+01
   2.9011625e+01
   2.9067700e+01
   2.9123775e+01
   2.9179850e+01
   2.9235925e+01
   2.9292000e+01
   2.9292000e+01
   2.9292000e+01
   2.9292000e+01
   2.9292000e+01
   2.9292000e+01
   2.9292000e+01
   2.9292000e+01
   2.9292000e+01
   2.9292000e+01
   2.9292000e+01
   2.9292000e+01
   2.9292000e+01
   2.9292000e+01
   2.9292000e+01
   2.9292000e+01
   2.9292000e+01
   2.9292000e+01
   2.9292000e+01
   2.9292000e+01
   2.9292000e+01
   2.9292000e+01
   2.8959000e+01
   2.8882300e+01
   2.8805600e+01
   2.8728900e+01
   2.8652200e+01
   2.8575500e+01
   2.8498800e+01
   2.8422100e+01
   2.8345400e+01
   2.8268700e+01
   2.8192000e+01
   2.8208800e+01
   2.8225600e+01
   2.8242400e+01
   2.8259200e+01
   2.8276000e+01
   2.8292800e+01
   2.8309600e+01
   2.8326400e+01
   2.8343200e+01
   2.8343200e+01
   2.8343200e+01
   2.8343200e+01
   2.8343200e+01
   2.8343200e+01
   2.8343200e+01
   2.8343200e+01
   2.8343200e+01
   2.8343200e+01
   2.8343200e+01
   2.8343200e+01
   2.8343200e+01
   2.8343200e+01
   2.8343200e+01
   2.8343200e+01
   2.8343200e+01
   2.8343200e+01
   2.8343200e+01
   2.8343200e+01
   2.8343200e+01
   2.8343200e+01
   2.8343200e+01
   2.8343200e+01
   2.8343200e+01
   2.8343200e+01
   2.8343200e+01
   2.8343200e+01
   2.8343200e+01
   2.8343200e+01
   2.8343200e+01
   2.8343200e+01
   2.8343200e+01
   2.8343200e+01
   2.8343200e+01
   2.8343200e+01
   2.8343200e+01
   2.8343200e+01
   2.8343200e+01
   2.8343200e+01
   2.8343200e+01
   2.8343200e+01
   2.8343200e+01
   2.8343200e+01
   2.8343200e+01
   2.8343200e+01
   2.8343200e+01
   2.8343200e+01
   2.8343200e+01
   2.8343200e+01
   2.8343200e+01
   2.8343200e+01
   2.8343200e+01
   2.8343200e+01
   2.8343200e+01
   2.8343200e+01
   2.8343200e+01
   2.8343200e+01
   2.8343200e+01
   2.8343200e+01
   2.8343200e+01
   2.8343200e+01
   2.8343200e+01
   1.9600000e+01
   1.9800000e+01
   2.0000000e+01
   2.0200000e+01
   2.0400000e+01
   2.0600000e+01
   2.0800000e+01
   2.1000000e+01
   2.1200000e+01
   2.1400000e+01
   2.1600000e+01
   2.1410000e+01
   2.1220000e+01
   2.1030000e+01
   2.0840000e+01
   2.0650000e+01
   2.0460000e+01
   2.0270000e+01
   2.0080000e+01
   1.9890000e+01
   1.9890000e+01
   1.9890000e+01
   1.9890000e+01
   1.9890000e+01
   1.9890000e+01
   1.9890000e+01
   1.9890000e+01
   1.9890000e+01
   1.9890000e+01
   1.9890000e+01
   1.9890000e+01
   1.9890000e+01
   1.9890000e+01
   1.9890000e+01
   1.9890000e+01
   1.9890000e+01
   1.9890000e+01
   1.9890000e+01
   1.9890000e+01
   1.9890000e+01
   1.9890000e+01
   1.9890000e+01
   1.9890000e+01
   1.9890000e+01
   1.9890000e+01
   1.9890000e+01
   1.9890000e+01
   1.9890000e+01
   1.9890000e+01
   1.9890000e+01
   1.9890000e+01
   1.9890000e+01
   1.9890000e+01
   1.9890000e+01
   1.9890000e+01
   1.9890000e+01
   1.9890000e+01
   1.9890000e+01
   1.9890000e+01
   1.9890000e+01
   1.9890000e+01
   1.9890000e+01
   1.9890000e+01
   1.9890000e+01
   1.9890000e+01
   1.9890000e+01
   1.9890000e+01
   1.9890000e+01
   1.9890000e+01
   1.9890000e+01
   1.9890000e+01
   1.9890000e+01
   1.9890000e+01
   1.9890000e+01
   1.9890000e+01
   1.9890000e+01
   1.9890000e+01
   1.9890000e+01
   1.9890000e+01
   1.9890000e+01
   1.9890000e+01
   1.9890000e+01
   2.4400000e+01
   2.4370000e+01
   2.4340000e+01
   2.4310000e+01
   2.4280000e+01
   2.4250000e+01
   2.4220000e+01
   2.4190000e+01
   2.4160000e+01
   2.4130000e+01
   2.4100000e+01
   2.4290000e+01
   2.4480000e+01
   2.4670000e+01
   2.4860000e+01
   2.5050000e+01
   2.5240000e+01
   2.5430000e+01
   2.5620000e+01
   2.5810000e+01
   2.6000000e+01
   2.6095000e+01
   2.6190000e+01
   2.6285000e+01
   2.6380000e+01
   2.6475000e+01
   2.6570000e+01
   2.6665000e+01
   2.6760000e+01
   2.6855000e+01
   2.6950000e+01
   2.7045000e+01
   2.7140000e+01
   2.7235000e+01
   2.7330000e+01
   2.7425000e+01
   2.7520000e+01
   2.7615000e+01
   2.7710000e+01
   2.7805000e+01
   2.7900000e+01
   2.7995000e+01
   2.8090000e+01
   2.8185000e+01
   2.8280000e+01
   2.8375000e+01
   2.8470000e+01
   2.8565000e+01
   2.8660000e+01
   2.8755000e+01
   2.8850000e+01
   2.8945000e+01
   2.9040000e+01
   2.9135000e+01
   2.9230000e+01
   2.9325000e+01
   2.9420000e+01
   2.9515000e+01
   2.9610000e+01
   2.9705000e+01
   2.9800000e+01
   2.9800000e+01
   2.9800000e+01
   2.9800000e+01
   2.9800000e+01
   2.9800000e+01
   2.9800000e+01
   2.9800000e+01
   2.9800000e+01
   2.9800000e+01
   2.9800000e+01
   2.9800000e+01
   2.9800000e+01
   2.9800000e+01
   2.9800000e+01
   2.9800000e+01
   2.9800000e+01
   2.9800000e+01
   2.9800000e+01
   2.9800000e+01
   2.9800000e+01
   2.9800000e+01
   1.5400000e+01
   1.6450000e+01
   1.7500000e+01
   1.8550000e+01
   1.9600000e+01
   2.0650000e+01
   2.1700000e+01
   2.2750000e+01
   2.3800000e+01
   2.4850000e+01
   2.5900000e+01
   2.5970000e+01
   2.6040000e+01
   2.6110000e+01
   2.6180000e+01
   2.6250000e+01
   2.6320000e+01
   2.6390000e+01
   2.6460000e+01
   2.6530000e+01
   2.6600000e+01
   2.6650000e+01
   2.6700000e+01
   2.6750000e+01
   2.6800000e+01
   2.6850000e+01
   2.6900000e+01
   2.6950000e+01
   2.7000000e+01
   2.7050000e+01
   2.7100000e+01
   2.7150000e+01
   2.7200000e+01
   2.7250000e+01
   2.7300000e+01
   2.7350000e+01
   2.7400000e+01
   2.7450000e+01
   2.7500000e+01
   2.7550000e+01
   2.7600000e+01
   2.7650000e+01
   2.7700000e+01
   2.7750000e+01
   2.7800000e+01
   2.7850000e+01
   2.7900000e+01
   2.7950000e+01
   2.8000000e+01
   2.8050000e+01
   2.8100000e+01
   2.8150000e+01
   2.8200000e+01
   2.8250000e+01
   2.8300000e+01
   2.8350000e+01
   2.8400000e+01
   2.8450000e+01
   2.8500000e+01
   2.8550000e+01
   2.8600000e+01
   2.8600000e+01
   2.8600000e+01
   2.8600000e+01
   2.8600000e+01
   2.8600000e+01
   2.8600000e+01
   2.8600000e+01
   2.8600000e+01
   2.8600000e+01
   2.8600000e+01
   2.8600000e+01
   2.8600000e+01
   2.8600000e+01
   2.8600000e+01
   2.8600000e+01
   2.8600000e+01
   2.8600000e+01
   2.8600000e+01
   2.8600000e+01
   2.8600000e+01
   2.8600000e+01
   4.1940000e+00
   4.5714000e+00
   4.9488000e+00
   5.3262000e+00
   5.7036000e+00
   6.0810000e+00
   6.4584000e+00
   6.8358000e+00
   7.2132000e+00
   7.5906000e+00
   7.9680000e+00
   9.5051000e+00
   1.1042200e+01
   1.2579300e+01
   1.4116400e+01
   1.5653500e+01
   1.7190600e+01
   1.8727700e+01
   2.0264800e+01
   2.1801900e+01
   2.3339000e+01
   2.3637575e+01
   2.3936150e+01
   2.4234725e+01
   2.4533300e+01
   2.4831875e+01
   2.5130450e+01
   2.5429025e+01
   2.5727600e+01
   2.6026175e+01
   2.6324750e+01
   2.6623325e+01
   2.6921900e+01
   2.7220475e+01
   2.7519050e+01
   2.7817625e+01
   2.8116200e+01
   2.8414775e+01
   2.8713350e+01
   2.9011925e+01
   2.9310500e+01
   2.9609075e+01
   2.9907650e+01
   3.0206225e+01
   3.0504800e+01
   3.0803375e+01
   3.1101950e+01
   3.1400525e+01
   3.1699100e+01
   3.1997675e+01
   3.2296250e+01
   3.2594825e+01
   3.2893400e+01
   3.3191975e+01
   3.3490550e+01
   3.3789125e+01
   3.4087700e+01
   3.4386275e+01
   3.4684850e+01
   3.4983425e+01
   3.5282000e+01
   3.5282000e+01
   3.5282000e+01
   3.5282000e+01
   3.5282000e+01
   3.5282000e+01
   3.5282000e+01
   3.5282000e+01
   3.5282000e+01
   3.5282000e+01
   3.5282000e+01
   3.5282000e+01
   3.5282000e+01
   3.5282000e+01
   3.5282000e+01
   3.5282000e+01
   3.5282000e+01
   3.5282000e+01
   3.5282000e+01
   3.5282000e+01
   3.5282000e+01
   3.5282000e+01
   2.1261000e+01
   2.1292600e+01
   2.1324200e+01
   2.1355800e+01
   2.1387400e+01
   2.1419000e+01
   2.1450600e+01
   2.1482200e+01
   2.1513800e+01
   2.1545400e+01
   2.1577000e+01
   2.2065700e+01
   2.2554400e+01
   2.3043100e+01
   2.3531800e+01
   2.4020500e+01
   2.4509200e+01
   2.4997900e+01
   2.5486600e+01
   2.5975300e+01
   2.6464000e+01
   2.6387375e+01
   2.6310750e+01
   2.6234125e+01
   2.6157500e+01
   2.6080875e+01
   2.6004250e+01
   2.5927625e+01
   2.5851000e+01
   2.5774375e+01
   2.5697750e+01
   2.5621125e+01
   2.5544500e+01
   2.5467875e+01
   2.5391250e+01
   2.5314625e+01
   2.5238000e+01
   2.5161375e+01
   2.5084750e+01
   2.5008125e+01
   2.4931500e+01
   2.4854875e+01
   2.4778250e+01
   2.4701625e+01
   2.4625000e+01
   2.4548375e+01
   2.4471750e+01
   2.4395125e+01
   2.4318500e+01
   2.4241875e+01
   2.4165250e+01
   2.4088625e+01
   2.4012000e+01
   2.3935375e+01
   2.3858750e+01
   2.3782125e+01
   2.3705500e+01
   2.3628875e+01
   2.3552250e+01
   2.3475625e+01
   2.3399000e+01
   2.3399000e+01
   2.3399000e+01
   2.3399000e+01
   2.3399000e+01
   2.3399000e+01
   2.3399000e+01
   2.3399000e+01
   2.3399000e+01
   2.3399000e+01
   2.3399000e+01
   2.3399000e+01
   2.3399000e+01
   2.3399000e+01
   2.3399000e+01
   2.3399000e+01
   2.3399000e+01
   2.3399000e+01
   2.3399000e+01
   2.3399000e+01
   2.3399000e+01
   2.3399000e+01
   1.6900000e-01
   4.6210000e-01
   7.5520000e-01
   1.0483000e+00
   1.3414000e+00
   1.6345000e+00
   1.9276000e+00
   2.2207000e+00
   2.5138000e+00
   2.8069000e+00
   3.1000000e+00
   3.9360000e+00
   4.7720000e+00
   5.6080000e+00
   6.4440000e+00
   7.2800000e+00
   8.1160000e+00
   8.9520000e+00
   9.7880000e+00
   1.0624000e+01
   1.1460000e+01
   1.2094800e+01
   1.2729600e+01
   1.3364400e+01
   1.3999200e+01
   1.4634000e+01
   1.5268800e+01
   1.5903600e+01
   1.6538400e+01
   1.7173200e+01
   1.7808000e+01
   1.8442800e+01
   1.9077600e+01
   1.9712400e+01
   2.0347200e+01
   2.0982000e+01
   2.1616800e+01
   2.2251600e+01
   2.2886400e+01
   2.3521200e+01
   2.4156000e+01
   2.4790800e+01
   2.5425600e+01
   2.6060400e+01
   2.6695200e+01
   2.7330000e+01
   2.7964800e+01
   2.8599600e+01
   2.9234400e+01
   2.9869200e+01
   3.0504000e+01
   3.1138800e+01
   3.1773600e+01
   3.2408400e+01
   3.3043200e+01
   3.3678000e+01
   3.4312800e+01
   3.4947600e+01
   3.5582400e+01
   3.6217200e+01
   3.6852000e+01
   3.6852000e+01
   3.6852000e+01
   3.6852000e+01
   3.6852000e+01
   3.6852000e+01
   3.6852000e+01
   3.6852000e+01
   3.6852000e+01
   3.6852000e+01
   3.6852000e+01
   3.6852000e+01
   3.6852000e+01
   3.6852000e+01
   3.6852000e+01
   3.6852000e+01
   3.6852000e+01
   3.6852000e+01
   3.6852000e+01
   3.6852000e+01
   3.6852000e+01
   3.6852000e+01
   1.5750000e+00
   1.5549000e+00
   1.5348000e+00
   1.5147000e+00
   1.4946000e+00
   1.4745000e+00
   1.4544000e+00
   1.4343000e+00
   1.4142000e+00
   1.3941000e+00
   1.3740000e+00
   1.3818000e+00
   1.3896000e+00
   1.3974000e+00
   1.4052000e+00
   1.4130000e+00
   1.4208000e+00
   1.4286000e+00
   1.4364000e+00
   1.4442000e+00
   1.4520000e+00
   2.1216000e+00
   2.7912000e+00
   3.4608000e+00
   4.1304000e+00
   4.8000000e+00
   5.4696000e+00
   6.1392000e+00
   6.8088000e+00
   7.4784000e+00
   8.1480000e+00
   8.8176000e+00
   9.4872000e+00
   1.0156800e+01
   1.0826400e+01
   1.1496000e+01
   1.2165600e+01
   1.2835200e+01
   1.3504800e+01
   1.4174400e+01
   1.4844000e+01
   1.5513600e+01
   1.6183200e+01
   1.6852800e+01
   1.7522400e+01
   1.8192000e+01
   1.8861600e+01
   1.9531200e+01
   2.0200800e+01
   2.0870400e+01
   2.1540000e+01
   2.2209600e+01
   2.2879200e+01
   2.3548800e+01
   2.4218400e+01
   2.4888000e+01
   2.5557600e+01
   2.6227200e+01
   2.6896800e+01
   2.7566400e+01
   2.8236000e+01
   2.8236000e+01
   2.8236000e+01
   2.8236000e+01
   2.8236000e+01
   2.8236000e+01
   2.8236000e+01
   2.8236000e+01
   2.8236000e+01
   2.8236000e+01
   2.8236000e+01
   2.8236000e+01
   2.8236000e+01
   2.8236000e+01
   2.8236000e+01
   2.8236000e+01
   2.8236000e+01
   2.8236000e+01
   2.8236000e+01
   2.8236000e+01
   2.8236000e+01
   2.8236000e+01
   1.6000000e+00
   3.2200000e+00
   4.8400000e+00
   6.4600000e+00
   8.0800000e+00
   9.7000000e+00
   1.1320000e+01
   1.2940000e+01
   1.4560000e+01
   1.6180000e+01
   1.7800000e+01
   1.8620000e+01
   1.9440000e+01
   2.0260000e+01
   2.1080000e+01
   2.1900000e+01
   2.2720000e+01
   2.3540000e+01
   2.4360000e+01
   2.5180000e+01
   2.6000000e+01
   2.6042500e+01
   2.6085000e+01
   2.6127500e+01
   2.6170000e+01
   2.6212500e+01
   2.6255000e+01
   2.6297500e+01
   2.6340000e+01
   2.6382500e+01
   2.6425000e+01
   2.6467500e+01
   2.6510000e+01
   2.6552500e+01
   2.6595000e+01
   2.6637500e+01
   2.6680000e+01
   2.6722500e+01
   2.6765000e+01
   2.6807500e+01
   2.6850000e+01
   2.6892500e+01
   2.6935000e+01
   2.6977500e+01
   2.7020000e+01
   2.7062500e+01
   2.7105000e+01
   2.7147500e+01
   2.7190000e+01
   2.7232500e+01
   2.7275000e+01
   2.7317500e+01
   2.7360000e+01
   2.7402500e+01
   2.7445000e+01
   2.7487500e+01
   2.7530000e+01
   2.7572500e+01
   2.7615000e+01
   2.7657500e+01
   2.7700000e+01
   2.7700000e+01
   2.7700000e+01
   2.7700000e+01
   2.7700000e+01
   2.7700000e+01
   2.7700000e+01
   2.7700000e+01
   2.7700000e+01
   2.7700000e+01
   2.7700000e+01
   2.7700000e+01
   2.7700000e+01
   2.7700000e+01
   2.7700000e+01
   2.7700000e+01
   2.7700000e+01
   2.7700000e+01
   2.7700000e+01
   2.7700000e+01
   2.7700000e+01
   2.7700000e+01
   0.0000000e+00
   2.1000000e-01
   4.2000000e-01
   6.3000000e-01
   8.4000000e-01
   1.0500000e+00
   1.2600000e+00
   1.4700000e+00
   1.6800000e+00
   1.8900000e+00
   2.1000000e+00
   2.5500000e+00
   3.0000000e+00
   3.4500000e+00
   3.9000000e+00
   4.3500000e+00
   4.8000000e+00
   5.2500000e+00
   5.7000000e+00
   6.1500000e+00
   6.6000000e+00
   6.9575000e+00
   7.3150000e+00
   7.6725000e+00
   8.0300000e+00
   8.3875000e+00
   8.7450000e+00
   9.1025000e+00
   9.4600000e+00
   9.8175000e+00
   1.0175000e+01
   1.0532500e+01
   1.0890000e+01
   1.1247500e+01
   1.1605000e+01
   1.1962500e+01
   1.2320000e+01
   1.2677500e+01
   1.3035000e+01
   1.3392500e+01
   1.3750000e+01
   1.4107500e+01
   1.4465000e+01
   1.4822500e+01
   1.5180000e+01
   1.5537500e+01
   1.5895000e+01
   1.6252500e+01
   1.6610000e+01
   1.6967500e+01
   1.7325000e+01
   1.7682500e+01
   1.8040000e+01
   1.8397500e+01
   1.8755000e+01
   1.9112500e+01
   1.9470000e+01
   1.9827500e+01
   2.0185000e+01
   2.0542500e+01
   2.0900000e+01
   2.0900000e+01
   2.0900000e+01
   2.0900000e+01
   2.0900000e+01
   2.0900000e+01
   2.0900000e+01
   2.0900000e+01
   2.0900000e+01
   2.0900000e+01
   2.0900000e+01
   2.0900000e+01
   2.0900000e+01
   2.0900000e+01
   2.0900000e+01
   2.0900000e+01
   2.0900000e+01
   2.0900000e+01
   2.0900000e+01
   2.0900000e+01
   2.0900000e+01
   2.0900000e+01
   0.0000000e+00
   1.0000000e-02
   2.0000000e-02
   3.0000000e-02
   4.0000000e-02
   5.0000000e-02
   6.0000000e-02
   7.0000000e-02
   8.0000000e-02
   9.0000000e-02
   1.0000000e-01
   9.3000000e-01
   1.7600000e+00
   2.5900000e+00
   3.4200000e+00
   4.2500000e+00
   5.0800000e+00
   5.9100000e+00
   6.7400000e+00
   7.5700000e+00
   8.4000000e+00
   8.8400000e+00
   9.2800000e+00
   9.7200000e+00
   1.0160000e+01
   1.0600000e+01
   1.1040000e+01
   1.1480000e+01
   1.1920000e+01
   1.2360000e+01
   1.2800000e+01
   1.3240000e+01
   1.3680000e+01
   1.4120000e+01
   1.4560000e+01
   1.5000000e+01
   1.5440000e+01
   1.5880000e+01
   1.6320000e+01
   1.6760000e+01
   1.7200000e+01
   1.7640000e+01
   1.8080000e+01
   1.8520000e+01
   1.8960000e+01
   1.9400000e+01
   1.9840000e+01
   2.0280000e+01
   2.0720000e+01
   2.1160000e+01
   2.1600000e+01
   2.2040000e+01
   2.2480000e+01
   2.2920000e+01
   2.3360000e+01
   2.3800000e+01
   2.4240000e+01
   2.4680000e+01
   2.5120000e+01
   2.5560000e+01
   2.6000000e+01
   2.6000000e+01
   2.6000000e+01
   2.6000000e+01
   2.6000000e+01
   2.6000000e+01
   2.6000000e+01
   2.6000000e+01
   2.6000000e+01
   2.6000000e+01
   2.6000000e+01
   2.6000000e+01
   2.6000000e+01
   2.6000000e+01
   2.6000000e+01
   2.6000000e+01
   2.6000000e+01
   2.6000000e+01
   2.6000000e+01
   2.6000000e+01
   2.6000000e+01
   2.6000000e+01
   3.8330000e+00
   4.2877000e+00
   4.7424000e+00
   5.1971000e+00
   5.6518000e+00
   6.1065000e+00
   6.5612000e+00
   7.0159000e+00
   7.4706000e+00
   7.9253000e+00
   8.3800000e+00
   9.6370000e+00
   1.0894000e+01
   1.2151000e+01
   1.3408000e+01
   1.4665000e+01
   1.5922000e+01
   1.7179000e+01
   1.8436000e+01
   1.9693000e+01
   2.0950000e+01
   2.0738200e+01
   2.0526400e+01
   2.0314600e+01
   2.0102800e+01
   1.9891000e+01
   1.9679200e+01
   1.9467400e+01
   1.9255600e+01
   1.9043800e+01
   1.8832000e+01
   1.8620200e+01
   1.8408400e+01
   1.8196600e+01
   1.7984800e+01
   1.7773000e+01
   1.7561200e+01
   1.7349400e+01
   1.7137600e+01
   1.6925800e+01
   1.6714000e+01
   1.6502200e+01
   1.6290400e+01
   1.6078600e+01
   1.5866800e+01
   1.5655000e+01
   1.5443200e+01
   1.5231400e+01
   1.5019600e+01
   1.4807800e+01
   1.4596000e+01
   1.4384200e+01
   1.4172400e+01
   1.3960600e+01
   1.3748800e+01
   1.3537000e+01
   1.3325200e+01
   1.3113400e+01
   1.2901600e+01
   1.2689800e+01
   1.2478000e+01
   1.2478000e+01
   1.2478000e+01
   1.2478000e+01
   1.2478000e+01
   1.2478000e+01
   1.2478000e+01
   1.2478000e+01
   1.2478000e+01
   1.2478000e+01
   1.2478000e+01
   1.2478000e+01
   1.2478000e+01
   1.2478000e+01
   1.2478000e+01
   1.2478000e+01
   1.2478000e+01
   1.2478000e+01
   1.2478000e+01
   1.2478000e+01
   1.2478000e+01
   1.2689800e+01
   2.3529000e+01
   2.3498300e+01
   2.3467600e+01
   2.3436900e+01
   2.3406200e+01
   2.3375500e+01
   2.3344800e+01
   2.3314100e+01
   2.3283400e+01
   2.3252700e+01
   2.3222000e+01
   2.3261000e+01
   2.3300000e+01
   2.3339000e+01
   2.3378000e+01
   2.3417000e+01
   2.3456000e+01
   2.3495000e+01
   2.3534000e+01
   2.3573000e+01
   2.3612000e+01
   2.3638550e+01
   2.3665100e+01
   2.3691650e+01
   2.3718200e+01
   2.3744750e+01
   2.3771300e+01
   2.3797850e+01
   2.3824400e+01
   2.3850950e+01
   2.3877500e+01
   2.3904050e+01
   2.3930600e+01
   2.3957150e+01
   2.3983700e+01
   2.4010250e+01
   2.4036800e+01
   2.4063350e+01
   2.4089900e+01
   2.4116450e+01
   2.4143000e+01
   2.4169550e+01
   2.4196100e+01
   2.4222650e+01
   2.4249200e+01
   2.4275750e+01
   2.4302300e+01
   2.4328850e+01
   2.4355400e+01
   2.4381950e+01
   2.4408500e+01
   2.4435050e+01
   2.4461600e+01
   2.4488150e+01
   2.4514700e+01
   2.4541250e+01
   2.4567800e+01
   2.4594350e+01
   2.4620900e+01
   2.4647450e+01
   2.4674000e+01
   2.4674000e+01
   2.4674000e+01
   2.4674000e+01
   2.4674000e+01
   2.4674000e+01
   2.4674000e+01
   2.4674000e+01
   2.4674000e+01
   2.4674000e+01
   2.4674000e+01
   2.4674000e+01
   2.4674000e+01
   2.4674000e+01
   2.4674000e+01
   2.4674000e+01
   2.4674000e+01
   2.4674000e+01
   2.4674000e+01
   2.4674000e+01
   2.4674000e+01
   2.4620900e+01
   6.0130000e+00
   7.7617000e+00
   9.5104000e+00
   1.1259100e+01
   1.3007800e+01
   1.4756500e+01
   1.6505200e+01
   1.8253900e+01
   2.0002600e+01
   2.1751300e+01
   2.3500000e+01
   2.3534900e+01
   2.3569800e+01
   2.3604700e+01
   2.3639600e+01
   2.3674500e+01
   2.3709400e+01
   2.3744300e+01
   2.3779200e+01
   2.3814100e+01
   2.3849000e+01
   2.3957175e+01
   2.4065350e+01
   2.4173525e+01
   2.4281700e+01
   2.4389875e+01
   2.4498050e+01
   2.4606225e+01
   2.4714400e+01
   2.4822575e+01
   2.4930750e+01
   2.5038925e+01
   2.5147100e+01
   2.5255275e+01
   2.5363450e+01
   2.5471625e+01
   2.5579800e+01
   2.5687975e+01
   2.5796150e+01
   2.5904325e+01
   2.6012500e+01
   2.6120675e+01
   2.6228850e+01
   2.6337025e+01
   2.6445200e+01
   2.6553375e+01
   2.6661550e+01
   2.6769725e+01
   2.6877900e+01
   2.6986075e+01
   2.7094250e+01
   2.7202425e+01
   2.7310600e+01
   2.7418775e+01
   2.7526950e+01
   2.7635125e+01
   2.7743300e+01
   2.7851475e+01
   2.7959650e+01
   2.8067825e+01
   2.8176000e+01
   2.8176000e+01
   2.8176000e+01
   2.8176000e+01
   2.8176000e+01
   2.8176000e+01
   2.8176000e+01
   2.8176000e+01
   2.8176000e+01
   2.8176000e+01
   2.8176000e+01
   2.8176000e+01
   2.8176000e+01
   2.8176000e+01
   2.8176000e+01
   2.8176000e+01
   2.8176000e+01
   2.8176000e+01
   2.8176000e+01
   2.8176000e+01
   2.8176000e+01
   2.7851475e+01
   2.7651000e+01
   2.6707200e+01
   2.5763400e+01
   2.4819600e+01
   2.3875800e+01
   2.2932000e+01
   2.1988200e+01
   2.1044400e+01
   2.0100600e+01
   1.9156800e+01
   1.8213000e+01
   1.7839400e+01
   1.7465800e+01
   1.7092200e+01
   1.6718600e+01
   1.6345000e+01
   1.5971400e+01
   1.5597800e+01
   1.5224200e+01
   1.4850600e+01
   1.4477000e+01
   1.4866150e+01
   1.5255300e+01
   1.5644450e+01
   1.6033600e+01
   1.6422750e+01
   1.6811900e+01
   1.7201050e+01
   1.7590200e+01
   1.7979350e+01
   1.8368500e+01
   1.8757650e+01
   1.9146800e+01
   1.9535950e+01
   1.9925100e+01
   2.0314250e+01
   2.0703400e+01
   2.1092550e+01
   2.1481700e+01
   2.1870850e+01
   2.2260000e+01
   2.2649150e+01
   2.3038300e+01
   2.3427450e+01
   2.3816600e+01
   2.4205750e+01
   2.4594900e+01
   2.4984050e+01
   2.5373200e+01
   2.5762350e+01
   2.6151500e+01
   2.6540650e+01
   2.6929800e+01
   2.7318950e+01
   2.7708100e+01
   2.8097250e+01
   2.8486400e+01
   2.8875550e+01
   2.9264700e+01
   2.9653850e+01
   3.0043000e+01
   3.0043000e+01
   3.0043000e+01
   3.0043000e+01
   3.0043000e+01
   3.0043000e+01
   3.0043000e+01
   3.0043000e+01
   3.0043000e+01
   3.0043000e+01
   3.0043000e+01
   3.0043000e+01
   3.0043000e+01
   3.0043000e+01
   3.0043000e+01
   3.0043000e+01
   3.0043000e+01
   3.0043000e+01
   3.0043000e+01
   3.0043000e+01
   3.0043000e+01
   2.8486400e+01
   2.9407000e+01
   2.9263000e+01
   2.9119000e+01
   2.8975000e+01
   2.8831000e+01
   2.8687000e+01
   2.8543000e+01
   2.8399000e+01
   2.8255000e+01
   2.8111000e+01
   2.7967000e+01
   2.8161900e+01
   2.8356800e+01
   2.8551700e+01
   2.8746600e+01
   2.8941500e+01
   2.9136400e+01
   2.9331300e+01
   2.9526200e+01
   2.9721100e+01
   2.9916000e+01
   2.9913775e+01
   2.9911550e+01
   2.9909325e+01
   2.9907100e+01
   2.9904875e+01
   2.9902650e+01
   2.9900425e+01
   2.9898200e+01
   2.9895975e+01
   2.9893750e+01
   2.9891525e+01
   2.9889300e+01
   2.9887075e+01
   2.9884850e+01
   2.9882625e+01
   2.9880400e+01
   2.9878175e+01
   2.9875950e+01
   2.9873725e+01
   2.9871500e+01
   2.9869275e+01
   2.9867050e+01
   2.9864825e+01
   2.9862600e+01
   2.9860375e+01
   2.9858150e+01
   2.9855925e+01
   2.9853700e+01
   2.9851475e+01
   2.9849250e+01
   2.9847025e+01
   2.9844800e+01
   2.9842575e+01
   2.9840350e+01
   2.9838125e+01
   2.9835900e+01
   2.9833675e+01
   2.9831450e+01
   2.9829225e+01
   2.9827000e+01
   2.9827000e+01
   2.9827000e+01
   2.9827000e+01
   2.9827000e+01
   2.9827000e+01
   2.9827000e+01
   2.9827000e+01
   2.9827000e+01
   2.9827000e+01
   2.9827000e+01
   2.9827000e+01
   2.9827000e+01
   2.9827000e+01
   2.9827000e+01
   2.9827000e+01
   2.9827000e+01
   2.9827000e+01
   2.9827000e+01
   2.9827000e+01
   2.9827000e+01
   2.9838125e+01
   2.5462000e+01
   2.5401700e+01
   2.5341400e+01
   2.5281100e+01
   2.5220800e+01
   2.5160500e+01
   2.5100200e+01
   2.5039900e+01
   2.4979600e+01
   2.4919300e+01
   2.4859000e+01
   2.5075200e+01
   2.5291400e+01
   2.5507600e+01
   2.5723800e+01
   2.5940000e+01
   2.6156200e+01
   2.6372400e+01
   2.6588600e+01
   2.6804800e+01
   2.7021000e+01
   2.6928625e+01
   2.6836250e+01
   2.6743875e+01
   2.6651500e+01
   2.6559125e+01
   2.6466750e+01
   2.6374375e+01
   2.6282000e+01
   2.6189625e+01
   2.6097250e+01
   2.6004875e+01
   2.5912500e+01
   2.5820125e+01
   2.5727750e+01
   2.5635375e+01
   2.5543000e+01
   2.5450625e+01
   2.5358250e+01
   2.5265875e+01
   2.5173500e+01
   2.5081125e+01
   2.4988750e+01
   2.4896375e+01
   2.4804000e+01
   2.4711625e+01
   2.4619250e+01
   2.4526875e+01
   2.4434500e+01
   2.4342125e+01
   2.4249750e+01
   2.4157375e+01
   2.4065000e+01
   2.3972625e+01
   2.3880250e+01
   2.3787875e+01
   2.3695500e+01
   2.3603125e+01
   2.3510750e+01
   2.3418375e+01
   2.3326000e+01
   2.3326000e+01
   2.3326000e+01
   2.3326000e+01
   2.3326000e+01
   2.3326000e+01
   2.3326000e+01
   2.3326000e+01
   2.3326000e+01
   2.3326000e+01
   2.3326000e+01
   2.3326000e+01
   2.3326000e+01
   2.3326000e+01
   2.3326000e+01
   2.3326000e+01
   2.3326000e+01
   2.3326000e+01
   2.3326000e+01
   2.3326000e+01
   2.3326000e+01
   2.3880250e+01
   2.2290000e+01
   2.2015900e+01
   2.1741800e+01
   2.1467700e+01
   2.1193600e+01
   2.0919500e+01
   2.0645400e+01
   2.0371300e+01
   2.0097200e+01
   1.9823100e+01
   1.9549000e+01
   1.9741500e+01
   1.9934000e+01
   2.0126500e+01
   2.0319000e+01
   2.0511500e+01
   2.0704000e+01
   2.0896500e+01
   2.1089000e+01
   2.1281500e+01
   2.1474000e+01
   2.1676950e+01
   2.1879900e+01
   2.2082850e+01
   2.2285800e+01
   2.2488750e+01
   2.2691700e+01
   2.2894650e+01
   2.3097600e+01
   2.3300550e+01
   2.3503500e+01
   2.3706450e+01
   2.3909400e+01
   2.4112350e+01
   2.4315300e+01
   2.4518250e+01
   2.4721200e+01
   2.4924150e+01
   2.5127100e+01
   2.5330050e+01
   2.5533000e+01
   2.5735950e+01
   2.5938900e+01
   2.6141850e+01
   2.6344800e+01
   2.6547750e+01
   2.6750700e+01
   2.6953650e+01
   2.7156600e+01
   2.7359550e+01
   2.7562500e+01
   2.7765450e+01
   2.7968400e+01
   2.8171350e+01
   2.8374300e+01
   2.8577250e+01
   2.8780200e+01
   2.8983150e+01
   2.9186100e+01
   2.9389050e+01
   2.9592000e+01
   2.9592000e+01
   2.9592000e+01
   2.9592000e+01
   2.9592000e+01
   2.9592000e+01
   2.9592000e+01
   2.9592000e+01
   2.9592000e+01
   2.9592000e+01
   2.9592000e+01
   2.9592000e+01
   2.9592000e+01
   2.9592000e+01
   2.9592000e+01
   2.9592000e+01
   2.9592000e+01
   2.9592000e+01
   2.9592000e+01
   2.9592000e+01
   2.9592000e+01
   2.8171350e+01
   2.8390000e+00
   3.2803000e+00
   3.7216000e+00
   4.1629000e+00
   4.6042000e+00
   5.0455000e+00
   5.4868000e+00
   5.9281000e+00
   6.3694000e+00
   6.8107000e+00
   7.2520000e+00
   8.6177000e+00
   9.9834000e+00
   1.1349100e+01
   1.2714800e+01
   1.4080500e+01
   1.5446200e+01
   1.6811900e+01
   1.8177600e+01
   1.9543300e+01
   2.0909000e+01
   2.1010450e+01
   2.1111900e+01
   2.1213350e+01
   2.1314800e+01
   2.1416250e+01
   2.1517700e+01
   2.1619150e+01
   2.1720600e+01
   2.1822050e+01
   2.1923500e+01
   2.2024950e+01
   2.2126400e+01
   2.2227850e+01
   2.2329300e+01
   2.2430750e+01
   2.2532200e+01
   2.2633650e+01
   2.2735100e+01
   2.2836550e+01
   2.2938000e+01
   2.3039450e+01
   2.3140900e+01
   2.3242350e+01
   2.3343800e+01
   2.3445250e+01
   2.3546700e+01
   2.3648150e+01
   2.3749600e+01
   2.3851050e+01
   2.3952500e+01
   2.4053950e+01
   2.4155400e+01
   2.4256850e+01
   2.4358300e+01
   2.4459750e+01
   2.4561200e+01
   2.4662650e+01
   2.4764100e+01
   2.4865550e+01
   2.4967000e+01
   2.4967000e+01
   2.4967000e+01
   2.4967000e+01
   2.4967000e+01
   2.4967000e+01
   2.4967000e+01
   2.4967000e+01
   2.4967000e+01
   2.4967000e+01
   2.4967000e+01
   2.4967000e+01
   2.4967000e+01
   2.4967000e+01
   2.4967000e+01
   2.4967000e+01
   2.4967000e+01
   2.4967000e+01
   2.4967000e+01
   2.4967000e+01
   2.4967000e+01
   2.4155400e+01
   3.4000000e-02
   1.1989000e+00
   2.3638000e+00
   3.5287000e+00
   4.6936000e+00
   5.8585000e+00
   7.0234000e+00
   8.1883000e+00
   9.3532000e+00
   1.0518100e+01
   1.1683000e+01
   1.2109700e+01
   1.2536400e+01
   1.2963100e+01
   1.3389800e+01
   1.3816500e+01
   1.4243200e+01
   1.4669900e+01
   1.5096600e+01
   1.5523300e+01
   1.5950000e+01
   1.6284625e+01
   1.6619250e+01
   1.6953875e+01
   1.7288500e+01
   1.7623125e+01
   1.7957750e+01
   1.8292375e+01
   1.8627000e+01
   1.8961625e+01
   1.9296250e+01
   1.9630875e+01
   1.9965500e+01
   2.0300125e+01
   2.0634750e+01
   2.0969375e+01
   2.1304000e+01
   2.1638625e+01
   2.1973250e+01
   2.2307875e+01
   2.2642500e+01
   2.2977125e+01
   2.3311750e+01
   2.3646375e+01
   2.3981000e+01
   2.4315625e+01
   2.4650250e+01
   2.4984875e+01
   2.5319500e+01
   2.5654125e+01
   2.5988750e+01
   2.6323375e+01
   2.6658000e+01
   2.6992625e+01
   2.7327250e+01
   2.7661875e+01
   2.7996500e+01
   2.8331125e+01
   2.8665750e+01
   2.9000375e+01
   2.9335000e+01
   2.9335000e+01
   2.9335000e+01
   2.9335000e+01
   2.9335000e+01
   2.9335000e+01
   2.9335000e+01
   2.9335000e+01
   2.9335000e+01
   2.9335000e+01
   2.9335000e+01
   2.9335000e+01
   2.9335000e+01
   2.9335000e+01
   2.9335000e+01
   2.9335000e+01
   2.9335000e+01
   2.9335000e+01
   2.9335000e+01
   2.9335000e+01
   2.9335000e+01
   2.6323375e+01
   1.6400000e+00
   1.6305000e+00
   1.6210000e+00
   1.6115000e+00
   1.6020000e+00
   1.5925000e+00
   1.5830000e+00
   1.5735000e+00
   1.5640000e+00
   1.5545000e+00
   1.5450000e+00
   3.2433000e+00
   4.9416000e+00
   6.6399000e+00
   8.3382000e+00
   1.0036500e+01
   1.1734800e+01
   1.3433100e+01
   1.5131400e+01
   1.6829700e+01
   1.8528000e+01
   1.8813475e+01
   1.9098950e+01
   1.9384425e+01
   1.9669900e+01
   1.9955375e+01
   2.0240850e+01
   2.0526325e+01
   2.0811800e+01
   2.1097275e+01
   2.1382750e+01
   2.1668225e+01
   2.1953700e+01
   2.2239175e+01
   2.2524650e+01
   2.2810125e+01
   2.3095600e+01
   2.3381075e+01
   2.3666550e+01
   2.3952025e+01
   2.4237500e+01
   2.4522975e+01
   2.4808450e+01
   2.5093925e+01
   2.5379400e+01
   2.5664875e+01
   2.5950350e+01
   2.6235825e+01
   2.6521300e+01
   2.6806775e+01
   2.7092250e+01
   2.7377725e+01
   2.7663200e+01
   2.7948675e+01
   2.8234150e+01
   2.8519625e+01
   2.8805100e+01
   2.9090575e+01
   2.9376050e+01
   2.9661525e+01
   2.9947000e+01
   2.9947000e+01
   2.9947000e+01
   2.9947000e+01
   2.9947000e+01
   2.9947000e+01
   2.9947000e+01
   2.9947000e+01
   2.9947000e+01
   2.9947000e+01
   2.9947000e+01
   2.9947000e+01
   2.9947000e+01
   2.9947000e+01
   2.9947000e+01
   2.9947000e+01
   2.9947000e+01
   2.9947000e+01
   2.9947000e+01
   2.9947000e+01
   2.9947000e+01
   2.7092250e+01
   5.9070000e+00
   5.6514000e+00
   5.3958000e+00
   5.1402000e+00
   4.8846000e+00
   4.6290000e+00
   4.3734000e+00
   4.1178000e+00
   3.8622000e+00
   3.6066000e+00
   3.3510000e+00
   3.9056000e+00
   4.4602000e+00
   5.0148000e+00
   5.5694000e+00
   6.1240000e+00
   6.6786000e+00
   7.2332000e+00
   7.7878000e+00
   8.3424000e+00
   8.8970000e+00
   9.2773250e+00
   9.6576500e+00
   1.0037975e+01
   1.0418300e+01
   1.0798625e+01
   1.1178950e+01
   1.1559275e+01
   1.1939600e+01
   1.2319925e+01
   1.2700250e+01
   1.3080575e+01
   1.3460900e+01
   1.3841225e+01
   1.4221550e+01
   1.4601875e+01
   1.4982200e+01
   1.5362525e+01
   1.5742850e+01
   1.6123175e+01
   1.6503500e+01
   1.6883825e+01
   1.7264150e+01
   1.7644475e+01
   1.8024800e+01
   1.8405125e+01
   1.8785450e+01
   1.9165775e+01
   1.9546100e+01
   1.9926425e+01
   2.0306750e+01
   2.0687075e+01
   2.1067400e+01
   2.1447725e+01
   2.1828050e+01
   2.2208375e+01
   2.2588700e+01
   2.2969025e+01
   2.3349350e+01
   2.3729675e+01
   2.4110000e+01
   2.4110000e+01
   2.4110000e+01
   2.4110000e+01
   2.4110000e+01
   2.4110000e+01
   2.4110000e+01
   2.4110000e+01
   2.4110000e+01
   2.4110000e+01
   2.4110000e+01
   2.4110000e+01
   2.4110000e+01
   2.4110000e+01
   2.4110000e+01
   2.4110000e+01
   2.4110000e+01
   2.4110000e+01
   2.4110000e+01
   2.4110000e+01
   2.4110000e+01
   1.9926425e+01
   3.5860000e+00
   3.8243000e+00
   4.0626000e+00
   4.3009000e+00
   4.5392000e+00
   4.7775000e+00
   5.0158000e+00
   5.2541000e+00
   5.4924000e+00
   5.7307000e+00
   5.9690000e+00
   7.0443000e+00
   8.1196000e+00
   9.1949000e+00
   1.0270200e+01
   1.1345500e+01
   1.2420800e+01
   1.3496100e+01
   1.4571400e+01
   1.5646700e+01
   1.6722000e+01
   1.6878300e+01
   1.7034600e+01
   1.7190900e+01
   1.7347200e+01
   1.7503500e+01
   1.7659800e+01
   1.7816100e+01
   1.7972400e+01
   1.8128700e+01
   1.8285000e+01
   1.8441300e+01
   1.8597600e+01
   1.8753900e+01
   1.8910200e+01
   1.9066500e+01
   1.9222800e+01
   1.9379100e+01
   1.9535400e+01
   1.9691700e+01
   1.9848000e+01
   2.0004300e+01
   2.0160600e+01
   2.0316900e+01
   2.0473200e+01
   2.0629500e+01
   2.0785800e+01
   2.0942100e+01
   2.1098400e+01
   2.1254700e+01
   2.1411000e+01
   2.1567300e+01
   2.1723600e+01
   2.1879900e+01
   2.2036200e+01
   2.2192500e+01
   2.2348800e+01
   2.2505100e+01
   2.2661400e+01
   2.2817700e+01
   2.2974000e+01
   2.2974000e+01
   2.2974000e+01
   2.2974000e+01
   2.2974000e+01
   2.2974000e+01
   2.2974000e+01
   2.2974000e+01
   2.2974000e+01
   2.2974000e+01
   2.2974000e+01
   2.2974000e+01
   2.2974000e+01
   2.2974000e+01
   2.2974000e+01
   2.2974000e+01
   2.2974000e+01
   2.2974000e+01
   2.2974000e+01
   2.2974000e+01
   2.2974000e+01
   2.1098400e+01
   1.2480000e+00
   1.1681000e+00
   1.0882000e+00
   1.0083000e+00
   9.2840000e-01
   8.4850000e-01
   7.6860000e-01
   6.8870000e-01
   6.0880000e-01
   5.2890000e-01
   4.4900000e-01
   7.0060000e-01
   9.5220000e-01
   1.2038000e+00
   1.4554000e+00
   1.7070000e+00
   1.9586000e+00
   2.2102000e+00
   2.4618000e+00
   2.7134000e+00
   2.9650000e+00
   3.3007750e+00
   3.6365500e+00
   3.9723250e+00
   4.3081000e+00
   4.6438750e+00
   4.9796500e+00
   5.3154250e+00
   5.6512000e+00
   5.9869750e+00
   6.3227500e+00
   6.6585250e+00
   6.9943000e+00
   7.3300750e+00
   7.6658500e+00
   8.0016250e+00
   8.3374000e+00
   8.6731750e+00
   9.0089500e+00
   9.3447250e+00
   9.6805000e+00
   1.0016275e+01
   1.0352050e+01
   1.0687825e+01
   1.1023600e+01
   1.1359375e+01
   1.1695150e+01
   1.2030925e+01
   1.2366700e+01
   1.2702475e+01
   1.3038250e+01
   1.3374025e+01
   1.3709800e+01
   1.4045575e+01
   1.4381350e+01
   1.4717125e+01
   1.5052900e+01
   1.5388675e+01
   1.5724450e+01
   1.6060225e+01
   1.6396000e+01
   1.6396000e+01
   1.6396000e+01
   1.6396000e+01
   1.6396000e+01
   1.6396000e+01
   1.6396000e+01
   1.6396000e+01
   1.6396000e+01
   1.6396000e+01
   1.6396000e+01
   1.6396000e+01
   1.6396000e+01
   1.6396000e+01
   1.6396000e+01
   1.6396000e+01
   1.6396000e+01
   1.6396000e+01
   1.6396000e+01
   1.6396000e+01
   1.6396000e+01
   1.2030925e+01
   1.0420000e+00
   1.6873000e+00
   2.3326000e+00
   2.9779000e+00
   3.6232000e+00
   4.2685000e+00
   4.9138000e+00
   5.5591000e+00
   6.2044000e+00
   6.8497000e+00
   7.4950000e+00
   8.0334000e+00
   8.5718000e+00
   9.1102000e+00
   9.6486000e+00
   1.0187000e+01
   1.0725400e+01
   1.1263800e+01
   1.1802200e+01
   1.2340600e+01
   1.2879000e+01
   1.3135275e+01
   1.3391550e+01
   1.3647825e+01
   1.3904100e+01
   1.4160375e+01
   1.4416650e+01
   1.4672925e+01
   1.4929200e+01
   1.5185475e+01
   1.5441750e+01
   1.5698025e+01
   1.5954300e+01
   1.6210575e+01
   1.6466850e+01
   1.6723125e+01
   1.6979400e+01
   1.7235675e+01
   1.7491950e+01
   1.7748225e+01
   1.8004500e+01
   1.8260775e+01
   1.8517050e+01
   1.8773325e+01
   1.9029600e+01
   1.9285875e+01
   1.9542150e+01
   1.9798425e+01
   2.0054700e+01
   2.0310975e+01
   2.0567250e+01
   2.0823525e+01
   2.1079800e+01
   2.1336075e+01
   2.1592350e+01
   2.1848625e+01
   2.2104900e+01
   2.2361175e+01
   2.2617450e+01
   2.2873725e+01
   2.3130000e+01
   2.3130000e+01
   2.3130000e+01
   2.3130000e+01
   2.3130000e+01
   2.3130000e+01
   2.3130000e+01
   2.3130000e+01
   2.3130000e+01
   2.3130000e+01
   2.3130000e+01
   2.3130000e+01
   2.3130000e+01
   2.3130000e+01
   2.3130000e+01
   2.3130000e+01
   2.3130000e+01
   2.3130000e+01
   2.3130000e+01
   2.3130000e+01
   2.3130000e+01
   1.9542150e+01
   5.6800000e-01
   4.9140000e-01
   4.1480000e-01
   3.3820000e-01
   2.6160000e-01
   1.8500000e-01
   1.0840000e-01
   3.1800000e-02
  -4.4800000e-02
  -1.2140000e-01
  -1.9800000e-01
  -4.3400000e-02
   1.1120000e-01
   2.6580000e-01
   4.2040000e-01
   5.7500000e-01
   7.2960000e-01
   8.8420000e-01
   1.0388000e+00
   1.1934000e+00
   1.3480000e+00
   1.9078500e+00
   2.4677000e+00
   3.0275500e+00
   3.5874000e+00
   4.1472500e+00
   4.7071000e+00
   5.2669500e+00
   5.8268000e+00
   6.3866500e+00
   6.9465000e+00
   7.5063500e+00
   8.0662000e+00
   8.6260500e+00
   9.1859000e+00
   9.7457500e+00
   1.0305600e+01
   1.0865450e+01
   1.1425300e+01
   1.1985150e+01
   1.2545000e+01
   1.3104850e+01
   1.3664700e+01
   1.4224550e+01
   1.4784400e+01
   1.5344250e+01
   1.5904100e+01
   1.6463950e+01
   1.7023800e+01
   1.7583650e+01
   1.8143500e+01
   1.8703350e+01
   1.9263200e+01
   1.9823050e+01
   2.0382900e+01
   2.0942750e+01
   2.1502600e+01
   2.2062450e+01
   2.2622300e+01
   2.3182150e+01
   2.3742000e+01
   2.3742000e+01
   2.3742000e+01
   2.3742000e+01
   2.3742000e+01
   2.3742000e+01
   2.3742000e+01
   2.3742000e+01
   2.3742000e+01
   2.3742000e+01
   2.3742000e+01
   2.3742000e+01
   2.3742000e+01
   2.3742000e+01
   2.3742000e+01
   2.3742000e+01
   2.3742000e+01
   2.3742000e+01
   2.3742000e+01
   2.3742000e+01
   2.3742000e+01
   1.5344250e+01
   1.3900000e-01
   1.2980000e-01
   1.2060000e-01
   1.1140000e-01
   1.0220000e-01
   9.3000000e-02
   8.3800000e-02
   7.4600000e-02
   6.5400000e-02
   5.6200000e-02
   4.7000000e-02
   1.3189000e+00
   2.5908000e+00
   3.8627000e+00
   5.1346000e+00
   6.4065000e+00
   7.6784000e+00
   8.9503000e+00
   1.0222200e+01
   1.1494100e+01
   1.2766000e+01
   1.3130625e+01
   1.3495250e+01
   1.3859875e+01
   1.4224500e+01
   1.4589125e+01
   1.4953750e+01
   1.5318375e+01
   1.5683000e+01
   1.6047625e+01
   1.6412250e+01
   1.6776875e+01
   1.7141500e+01
   1.7506125e+01
   1.7870750e+01
   1.8235375e+01
   1.8600000e+01
   1.8964625e+01
   1.9329250e+01
   1.9693875e+01
   2.0058500e+01
   2.0423125e+01
   2.0787750e+01
   2.1152375e+01
   2.1517000e+01
   2.1881625e+01
   2.2246250e+01
   2.2610875e+01
   2.2975500e+01
   2.3340125e+01
   2.3704750e+01
   2.4069375e+01
   2.4434000e+01
   2.4798625e+01
   2.5163250e+01
   2.5527875e+01
   2.5892500e+01
   2.6257125e+01
   2.6621750e+01
   2.6986375e+01
   2.7351000e+01
   2.7351000e+01
   2.7351000e+01
   2.7351000e+01
   2.7351000e+01
   2.7351000e+01
   2.7351000e+01
   2.7351000e+01
   2.7351000e+01
   2.7351000e+01
   2.7351000e+01
   2.7351000e+01
   2.7351000e+01
   2.7351000e+01
   2.7351000e+01
   2.7351000e+01
   2.7351000e+01
   2.7351000e+01
   2.7351000e+01
   2.7351000e+01
   2.7351000e+01
   2.1517000e+01
   2.3810000e+00
   3.7946000e+00
   5.2082000e+00
   6.6218000e+00
   8.0354000e+00
   9.4490000e+00
   1.0862600e+01
   1.2276200e+01
   1.3689800e+01
   1.5103400e+01
   1.6517000e+01
   1.6930800e+01
   1.7344600e+01
   1.7758400e+01
   1.8172200e+01
   1.8586000e+01
   1.8999800e+01
   1.9413600e+01
   1.9827400e+01
   2.0241200e+01
   2.0655000e+01
   2.0826650e+01
   2.0998300e+01
   2.1169950e+01
   2.1341600e+01
   2.1513250e+01
   2.1684900e+01
   2.1856550e+01
   2.2028200e+01
   2.2199850e+01
   2.2371500e+01
   2.2543150e+01
   2.2714800e+01
   2.2886450e+01
   2.3058100e+01
   2.3229750e+01
   2.3401400e+01
   2.3573050e+01
   2.3744700e+01
   2.3916350e+01
   2.4088000e+01
   2.4259650e+01
   2.4431300e+01
   2.4602950e+01
   2.4774600e+01
   2.4946250e+01
   2.5117900e+01
   2.5289550e+01
   2.5461200e+01
   2.5632850e+01
   2.5804500e+01
   2.5976150e+01
   2.6147800e+01
   2.6319450e+01
   2.6491100e+01
   2.6662750e+01
   2.6834400e+01
   2.7006050e+01
   2.7177700e+01
   2.7349350e+01
   2.7521000e+01
   2.7521000e+01
   2.7521000e+01
   2.7521000e+01
   2.7521000e+01
   2.7521000e+01
   2.7521000e+01
   2.7521000e+01
   2.7521000e+01
   2.7521000e+01
   2.7521000e+01
   2.7521000e+01
   2.7521000e+01
   2.7521000e+01
   2.7521000e+01
   2.7521000e+01
   2.7521000e+01
   2.7521000e+01
   2.7521000e+01
   2.7521000e+01
   2.7521000e+01
   2.4602950e+01
   9.5110000e+00
   9.2083000e+00
   8.9056000e+00
   8.6029000e+00
   8.3002000e+00
   7.9975000e+00
   7.6948000e+00
   7.3921000e+00
   7.0894000e+00
   6.7867000e+00
   6.4840000e+00
   6.5405000e+00
   6.5970000e+00
   6.6535000e+00
   6.7100000e+00
   6.7665000e+00
   6.8230000e+00
   6.8795000e+00
   6.9360000e+00
   6.9925000e+00
   7.0490000e+00
   7.5391750e+00
   8.0293500e+00
   8.5195250e+00
   9.0097000e+00
   9.4998750e+00
   9.9900500e+00
   1.0480225e+01
   1.0970400e+01
   1.1460575e+01
   1.1950750e+01
   1.2440925e+01
   1.2931100e+01
   1.3421275e+01
   1.3911450e+01
   1.4401625e+01
   1.4891800e+01
   1.5381975e+01
   1.5872150e+01
   1.6362325e+01
   1.6852500e+01
   1.7342675e+01
   1.7832850e+01
   1.8323025e+01
   1.8813200e+01
   1.9303375e+01
   1.9793550e+01
   2.0283725e+01
   2.0773900e+01
   2.1264075e+01
   2.1754250e+01
   2.2244425e+01
   2.2734600e+01
   2.3224775e+01
   2.3714950e+01
   2.4205125e+01
   2.4695300e+01
   2.5185475e+01
   2.5675650e+01
   2.6165825e+01
   2.6656000e+01
   2.6656000e+01
   2.6656000e+01
   2.6656000e+01
   2.6656000e+01
   2.6656000e+01
   2.6656000e+01
   2.6656000e+01
   2.6656000e+01
   2.6656000e+01
   2.6656000e+01
   2.6656000e+01
   2.6656000e+01
   2.6656000e+01
   2.6656000e+01
   2.6656000e+01
   2.6656000e+01
   2.6656000e+01
   2.6656000e+01
   2.6656000e+01
   2.6656000e+01
   1.7832850e+01
   2.0590000e+01
   2.0689000e+01
   2.0788000e+01
   2.0887000e+01
   2.0986000e+01
   2.1085000e+01
   2.1184000e+01
   2.1283000e+01
   2.1382000e+01
   2.1481000e+01
   2.1580000e+01
   2.2092000e+01
   2.2604000e+01
   2.3116000e+01
   2.3628000e+01
   2.4140000e+01
   2.4652000e+01
   2.5164000e+01
   2.5676000e+01
   2.6188000e+01
   2.6700000e+01
   2.6743500e+01
   2.6787000e+01
   2.6830500e+01
   2.6874000e+01
   2.6917500e+01
   2.6961000e+01
   2.7004500e+01
   2.7048000e+01
   2.7091500e+01
   2.7135000e+01
   2.7178500e+01
   2.7222000e+01
   2.7265500e+01
   2.7309000e+01
   2.7352500e+01
   2.7396000e+01
   2.7439500e+01
   2.7483000e+01
   2.7526500e+01
   2.7570000e+01
   2.7613500e+01
   2.7657000e+01
   2.7700500e+01
   2.7744000e+01
   2.7787500e+01
   2.7831000e+01
   2.7874500e+01
   2.7918000e+01
   2.7961500e+01
   2.8005000e+01
   2.8048500e+01
   2.8092000e+01
   2.8135500e+01
   2.8179000e+01
   2.8222500e+01
   2.8266000e+01
   2.8309500e+01
   2.8353000e+01
   2.8396500e+01
   2.8440000e+01
   2.8440000e+01
   2.8440000e+01
   2.8440000e+01
   2.8440000e+01
   2.8440000e+01
   2.8440000e+01
   2.8440000e+01
   2.8440000e+01
   2.8440000e+01
   2.8440000e+01
   2.8440000e+01
   2.8440000e+01
   2.8440000e+01
   2.8440000e+01
   2.8440000e+01
   2.8440000e+01
   2.8440000e+01
   2.8440000e+01
   2.8440000e+01
   2.8440000e+01
   2.7613500e+01
   2.3570000e+01
   2.3656000e+01
   2.3742000e+01
   2.3828000e+01
   2.3914000e+01
   2.4000000e+01
   2.4086000e+01
   2.4172000e+01
   2.4258000e+01
   2.4344000e+01
   2.4430000e+01
   2.4531000e+01
   2.4632000e+01
   2.4733000e+01
   2.4834000e+01
   2.4935000e+01
   2.5036000e+01
   2.5137000e+01
   2.5238000e+01
   2.5339000e+01
   2.5440000e+01
   2.5463250e+01
   2.5486500e+01
   2.5509750e+01
   2.5533000e+01
   2.5556250e+01
   2.5579500e+01
   2.5602750e+01
   2.5626000e+01
   2.5649250e+01
   2.5672500e+01
   2.5695750e+01
   2.5719000e+01
   2.5742250e+01
   2.5765500e+01
   2.5788750e+01
   2.5812000e+01
   2.5835250e+01
   2.5858500e+01
   2.5881750e+01
   2.5905000e+01
   2.5928250e+01
   2.5951500e+01
   2.5974750e+01
   2.5998000e+01
   2.6021250e+01
   2.6044500e+01
   2.6067750e+01
   2.6091000e+01
   2.6114250e+01
   2.6137500e+01
   2.6160750e+01
   2.6184000e+01
   2.6207250e+01
   2.6230500e+01
   2.6253750e+01
   2.6277000e+01
   2.6300250e+01
   2.6323500e+01
   2.6346750e+01
   2.6370000e+01
   2.6370000e+01
   2.6370000e+01
   2.6370000e+01
   2.6370000e+01
   2.6370000e+01
   2.6370000e+01
   2.6370000e+01
   2.6370000e+01
   2.6370000e+01
   2.6370000e+01
   2.6370000e+01
   2.6370000e+01
   2.6370000e+01
   2.6370000e+01
   2.6370000e+01
   2.6370000e+01
   2.6370000e+01
   2.6370000e+01
   2.6370000e+01
   2.6370000e+01
   2.5905000e+01
   2.9320000e+01
   2.9555000e+01
   2.9790000e+01
   3.0025000e+01
   3.0260000e+01
   3.0495000e+01
   3.0730000e+01
   3.0965000e+01
   3.1200000e+01
   3.1435000e+01
   3.1670000e+01
   3.1388000e+01
   3.1106000e+01
   3.0824000e+01
   3.0542000e+01
   3.0260000e+01
   2.9978000e+01
   2.9696000e+01
   2.9414000e+01
   2.9132000e+01
   2.8850000e+01
   2.8869250e+01
   2.8888500e+01
   2.8907750e+01
   2.8927000e+01
   2.8946250e+01
   2.8965500e+01
   2.8984750e+01
   2.9004000e+01
   2.9023250e+01
   2.9042500e+01
   2.9061750e+01
   2.9081000e+01
   2.9100250e+01
   2.9119500e+01
   2.9138750e+01
   2.9158000e+01
   2.9177250e+01
   2.9196500e+01
   2.9215750e+01
   2.9235000e+01
   2.9254250e+01
   2.9273500e+01
   2.9292750e+01
   2.9312000e+01
   2.9331250e+01
   2.9350500e+01
   2.9369750e+01
   2.9389000e+01
   2.9408250e+01
   2.9427500e+01
   2.9446750e+01
   2.9466000e+01
   2.9485250e+01
   2.9504500e+01
   2.9523750e+01
   2.9543000e+01
   2.9562250e+01
   2.9581500e+01
   2.9600750e+01
   2.9620000e+01
   2.9620000e+01
   2.9620000e+01
   2.9620000e+01
   2.9620000e+01
   2.9620000e+01
   2.9620000e+01
   2.9620000e+01
   2.9620000e+01
   2.9620000e+01
   2.9620000e+01
   2.9620000e+01
   2.9620000e+01
   2.9620000e+01
   2.9620000e+01
   2.9620000e+01
   2.9620000e+01
   2.9620000e+01
   2.9620000e+01
   2.9620000e+01
   2.9620000e+01
   2.9215750e+01
   2.0740000e+01
   2.1385000e+01
   2.2030000e+01
   2.2675000e+01
   2.3320000e+01
   2.3965000e+01
   2.4610000e+01
   2.5255000e+01
   2.5900000e+01
   2.6545000e+01
   2.7190000e+01
   2.7324000e+01
   2.7458000e+01
   2.7592000e+01
   2.7726000e+01
   2.7860000e+01
   2.7994000e+01
   2.8128000e+01
   2.8262000e+01
   2.8396000e+01
   2.8530000e+01
   2.8498250e+01
   2.8466500e+01
   2.8434750e+01
   2.8403000e+01
   2.8371250e+01
   2.8339500e+01
   2.8307750e+01
   2.8276000e+01
   2.8244250e+01
   2.8212500e+01
   2.8180750e+01
   2.8149000e+01
   2.8117250e+01
   2.8085500e+01
   2.8053750e+01
   2.8022000e+01
   2.7990250e+01
   2.7958500e+01
   2.7926750e+01
   2.7895000e+01
   2.7863250e+01
   2.7831500e+01
   2.7799750e+01
   2.7768000e+01
   2.7736250e+01
   2.7704500e+01
   2.7672750e+01
   2.7641000e+01
   2.7609250e+01
   2.7577500e+01
   2.7545750e+01
   2.7514000e+01
   2.7482250e+01
   2.7450500e+01
   2.7418750e+01
   2.7387000e+01
   2.7355250e+01
   2.7323500e+01
   2.7291750e+01
   2.7260000e+01
   2.7260000e+01
   2.7260000e+01
   2.7260000e+01
   2.7260000e+01
   2.7260000e+01
   2.7260000e+01
   2.7260000e+01
   2.7260000e+01
   2.7260000e+01
   2.7260000e+01
   2.7260000e+01
   2.7260000e+01
   2.7260000e+01
   2.7260000e+01
   2.7260000e+01
   2.7260000e+01
   2.7260000e+01
   2.7260000e+01
   2.7260000e+01
   2.7260000e+01
   2.7958500e+01
   2.2790000e+01
   2.2873000e+01
   2.2956000e+01
   2.3039000e+01
   2.3122000e+01
   2.3205000e+01
   2.3288000e+01
   2.3371000e+01
   2.3454000e+01
   2.3537000e+01
   2.3620000e+01
   2.3633000e+01
   2.3646000e+01
   2.3659000e+01
   2.3672000e+01
   2.3685000e+01
   2.3698000e+01
   2.3711000e+01
   2.3724000e+01
   2.3737000e+01
   2.3750000e+01
   2.3888750e+01
   2.4027500e+01
   2.4166250e+01
   2.4305000e+01
   2.4443750e+01
   2.4582500e+01
   2.4721250e+01
   2.4860000e+01
   2.4998750e+01
   2.5137500e+01
   2.5276250e+01
   2.5415000e+01
   2.5553750e+01
   2.5692500e+01
   2.5831250e+01
   2.5970000e+01
   2.6108750e+01
   2.6247500e+01
   2.6386250e+01
   2.6525000e+01
   2.6663750e+01
   2.6802500e+01
   2.6941250e+01
   2.7080000e+01
   2.7218750e+01
   2.7357500e+01
   2.7496250e+01
   2.7635000e+01
   2.7773750e+01
   2.7912500e+01
   2.8051250e+01
   2.8190000e+01
   2.8328750e+01
   2.8467500e+01
   2.8606250e+01
   2.8745000e+01
   2.8883750e+01
   2.9022500e+01
   2.9161250e+01
   2.9300000e+01
   2.9300000e+01
   2.9300000e+01
   2.9300000e+01
   2.9300000e+01
   2.9300000e+01
   2.9300000e+01
   2.9300000e+01
   2.9300000e+01
   2.9300000e+01
   2.9300000e+01
   2.9300000e+01
   2.9300000e+01
   2.9300000e+01
   2.9300000e+01
   2.9300000e+01
   2.9300000e+01
   2.9300000e+01
   2.9300000e+01
   2.9300000e+01
   2.9300000e+01
   2.6108750e+01
   8.0000000e-02
   1.4530000e+00
   2.8260000e+00
   4.1990000e+00
   5.5720000e+00
   6.9450000e+00
   8.3180000e+00
   9.6910000e+00
   1.1064000e+01
   1.2437000e+01
   1.3810000e+01
   1.5228000e+01
   1.6646000e+01
   1.8064000e+01
   1.9482000e+01
   2.0900000e+01
   2.2318000e+01
   2.3736000e+01
   2.5154000e+01
   2.6572000e+01
   2.7990000e+01
   2.8050500e+01
   2.8111000e+01
   2.8171500e+01
   2.8232000e+01
   2.8292500e+01
   2.8353000e+01
   2.8413500e+01
   2.8474000e+01
   2.8534500e+01
   2.8595000e+01
   2.8655500e+01
   2.8716000e+01
   2.8776500e+01
   2.8837000e+01
   2.8897500e+01
   2.8958000e+01
   2.9018500e+01
   2.9079000e+01
   2.9139500e+01
   2.9200000e+01
   2.9260500e+01
   2.9321000e+01
   2.9381500e+01
   2.9442000e+01
   2.9502500e+01
   2.9563000e+01
   2.9623500e+01
   2.9684000e+01
   2.9744500e+01
   2.9805000e+01
   2.9865500e+01
   2.9926000e+01
   2.9986500e+01
   3.0047000e+01
   3.0107500e+01
   3.0168000e+01
   3.0228500e+01
   3.0289000e+01
   3.0349500e+01
   3.0410000e+01
   3.0410000e+01
   3.0410000e+01
   3.0410000e+01
   3.0410000e+01
   3.0410000e+01
   3.0410000e+01
   3.0410000e+01
   3.0410000e+01
   3.0410000e+01
   3.0410000e+01
   3.0410000e+01
   3.0410000e+01
   3.0410000e+01
   3.0410000e+01
   3.0410000e+01
   3.0410000e+01
   3.0410000e+01
   3.0410000e+01
   3.0410000e+01
   3.0410000e+01
   2.8958000e+01
   8.0000000e-02
   1.4530000e+00
   2.8260000e+00
   4.1990000e+00
   5.5720000e+00
   6.9450000e+00
   8.3180000e+00
   9.6910000e+00
   1.1064000e+01
   1.2437000e+01
   1.3810000e+01
   1.5228000e+01
   1.6646000e+01
   1.8064000e+01
   1.9482000e+01
   2.0900000e+01
   2.2318000e+01
   2.3736000e+01
   2.5154000e+01
   2.6572000e+01
   2.7990000e+01
   2.8050500e+01
   2.8111000e+01
   2.8171500e+01
   2.8232000e+01
   2.8292500e+01
   2.8353000e+01
   2.8413500e+01
   2.8474000e+01
   2.8534500e+01
   2.8595000e+01
   2.8655500e+01
   2.8716000e+01
   2.8776500e+01
   2.8837000e+01
   2.8897500e+01
   2.8958000e+01
   2.9018500e+01
   2.9079000e+01
   2.9139500e+01
   2.9200000e+01
   2.9260500e+01
   2.9321000e+01
   2.9381500e+01
   2.9442000e+01
   2.9502500e+01
   2.9563000e+01
   2.9623500e+01
   2.9684000e+01
   2.9744500e+01
   2.9805000e+01
   2.9865500e+01
   2.9926000e+01
   2.9986500e+01
   3.0047000e+01
   3.0107500e+01
   3.0168000e+01
   3.0228500e+01
   3.0289000e+01
   3.0349500e+01
   3.0410000e+01
   3.0410000e+01
   3.0410000e+01
   3.0410000e+01
   3.0410000e+01
   3.0410000e+01
   3.0410000e+01
   3.0410000e+01
   3.0410000e+01
   3.0410000e+01
   3.0410000e+01
   3.0410000e+01
   3.0410000e+01
   3.0410000e+01
   3.0410000e+01
   3.0410000e+01
   3.0410000e+01
   3.0410000e+01
   3.0410000e+01
   3.0410000e+01
   3.0410000e+01
   2.8958000e+01
   1.1363000e+01
   1.2475300e+01
   1.3587600e+01
   1.4699900e+01
   1.5812200e+01
   1.6924500e+01
   1.8036800e+01
   1.9149100e+01
   2.0261400e+01
   2.1373700e+01
   2.2486000e+01
   2.2597500e+01
   2.2709000e+01
   2.2820500e+01
   2.2932000e+01
   2.3043500e+01
   2.3155000e+01
   2.3266500e+01
   2.3378000e+01
   2.3489500e+01
   2.3601000e+01
   2.3648875e+01
   2.3696750e+01
   2.3744625e+01
   2.3792500e+01
   2.3840375e+01
   2.3888250e+01
   2.3936125e+01
   2.3984000e+01
   2.4031875e+01
   2.4079750e+01
   2.4127625e+01
   2.4175500e+01
   2.4223375e+01
   2.4271250e+01
   2.4319125e+01
   2.4367000e+01
   2.4414875e+01
   2.4462750e+01
   2.4510625e+01
   2.4558500e+01
   2.4606375e+01
   2.4654250e+01
   2.4702125e+01
   2.4750000e+01
   2.4797875e+01
   2.4845750e+01
   2.4893625e+01
   2.4941500e+01
   2.4989375e+01
   2.5037250e+01
   2.5085125e+01
   2.5133000e+01
   2.5180875e+01
   2.5228750e+01
   2.5276625e+01
   2.5324500e+01
   2.5372375e+01
   2.5420250e+01
   2.5468125e+01
   2.5516000e+01
   2.5516000e+01
   2.5516000e+01
   2.5516000e+01
   2.5516000e+01
   2.5516000e+01
   2.5516000e+01
   2.5516000e+01
   2.5516000e+01
   2.5516000e+01
   2.5516000e+01
   2.5516000e+01
   2.5516000e+01
   2.5516000e+01
   2.5516000e+01
   2.5516000e+01
   2.5516000e+01
   2.5516000e+01
   2.5516000e+01
   2.5516000e+01
   2.5516000e+01
   2.4271250e+01
   7.7310000e+00
   7.7944000e+00
   7.8578000e+00
   7.9212000e+00
   7.9846000e+00
   8.0480000e+00
   8.1114000e+00
   8.1748000e+00
   8.2382000e+00
   8.3016000e+00
   8.3650000e+00
   8.6964000e+00
   9.0278000e+00
   9.3592000e+00
   9.6906000e+00
   1.0022000e+01
   1.0353400e+01
   1.0684800e+01
   1.1016200e+01
   1.1347600e+01
   1.1679000e+01
   1.1966250e+01
   1.2253500e+01
   1.2540750e+01
   1.2828000e+01
   1.3115250e+01
   1.3402500e+01
   1.3689750e+01
   1.3977000e+01
   1.4264250e+01
   1.4551500e+01
   1.4838750e+01
   1.5126000e+01
   1.5413250e+01
   1.5700500e+01
   1.5987750e+01
   1.6275000e+01
   1.6562250e+01
   1.6849500e+01
   1.7136750e+01
   1.7424000e+01
   1.7711250e+01
   1.7998500e+01
   1.8285750e+01
   1.8573000e+01
   1.8860250e+01
   1.9147500e+01
   1.9434750e+01
   1.9722000e+01
   2.0009250e+01
   2.0296500e+01
   2.0583750e+01
   2.0871000e+01
   2.1158250e+01
   2.1445500e+01
   2.1732750e+01
   2.2020000e+01
   2.2307250e+01
   2.2594500e+01
   2.2881750e+01
   2.3169000e+01
   2.3169000e+01
   2.3169000e+01
   2.3169000e+01
   2.3169000e+01
   2.3169000e+01
   2.3169000e+01
   2.3169000e+01
   2.3169000e+01
   2.3169000e+01
   2.3169000e+01
   2.3169000e+01
   2.3169000e+01
   2.3169000e+01
   2.3169000e+01
   2.3169000e+01
   2.3169000e+01
   2.3169000e+01
   2.3169000e+01
   2.3169000e+01
   2.3169000e+01
   1.5413250e+01
   2.8270000e+00
   2.8930000e+00
   2.9590000e+00
   3.0250000e+00
   3.0910000e+00
   3.1570000e+00
   3.2230000e+00
   3.2890000e+00
   3.3550000e+00
   3.4210000e+00
   3.4870000e+00
   4.3352000e+00
   5.1834000e+00
   6.0316000e+00
   6.8798000e+00
   7.7280000e+00
   8.5762000e+00
   9.4244000e+00
   1.0272600e+01
   1.1120800e+01
   1.1969000e+01
   1.2131225e+01
   1.2293450e+01
   1.2455675e+01
   1.2617900e+01
   1.2780125e+01
   1.2942350e+01
   1.3104575e+01
   1.3266800e+01
   1.3429025e+01
   1.3591250e+01
   1.3753475e+01
   1.3915700e+01
   1.4077925e+01
   1.4240150e+01
   1.4402375e+01
   1.4564600e+01
   1.4726825e+01
   1.4889050e+01
   1.5051275e+01
   1.5213500e+01
   1.5375725e+01
   1.5537950e+01
   1.5700175e+01
   1.5862400e+01
   1.6024625e+01
   1.6186850e+01
   1.6349075e+01
   1.6511300e+01
   1.6673525e+01
   1.6835750e+01
   1.6997975e+01
   1.7160200e+01
   1.7322425e+01
   1.7484650e+01
   1.7646875e+01
   1.7809100e+01
   1.7971325e+01
   1.8133550e+01
   1.8295775e+01
   1.8458000e+01
   1.8458000e+01
   1.8458000e+01
   1.8458000e+01
   1.8458000e+01
   1.8458000e+01
   1.8458000e+01
   1.8458000e+01
   1.8458000e+01
   1.8458000e+01
   1.8458000e+01
   1.8458000e+01
   1.8458000e+01
   1.8458000e+01
   1.8458000e+01
   1.8458000e+01
   1.8458000e+01
   1.8458000e+01
   1.8458000e+01
   1.8458000e+01
   1.8458000e+01
   1.3915700e+01
