2001 1 1 1.250000e+01 7.308520e+05 
2001 1 2 1.220000e+01 7.308530e+05 
2001 1 3 1.370000e+01 7.308540e+05 
2001 1 4 2.440000e+01 7.308550e+05 
2001 1 5 1.170000e+02 7.308560e+05 
2001 1 6 4.720000e+01 7.308570e+05 
2001 1 7 2.500000e+01 7.308580e+05 
2001 1 8 1.990000e+01 7.308590e+05 
2001 1 9 1.780000e+01 7.308600e+05 
2001 1 10 1.810000e+01 7.308610e+05 
2001 1 11 1.540000e+01 7.308620e+05 
2001 1 12 1.280000e+01 7.308630e+05 
2001 1 13 1.090000e+01 7.308640e+05 
2001 1 14 9.400000e+00 7.308650e+05 
2001 1 15 8.210000e+00 7.308660e+05 
2001 1 16 7.200000e+00 7.308670e+05 
2001 1 17 6.510000e+00 7.308680e+05 
2001 1 18 6.080000e+00 7.308690e+05 
2001 1 19 8.240000e+00 7.308700e+05 
2001 1 20 8.570000e+00 7.308710e+05 
2001 1 21 1.190000e+01 7.308720e+05 
2001 1 22 1.280000e+01 7.308730e+05 
2001 1 23 1.120000e+01 7.308740e+05 
2001 1 24 9.830000e+00 7.308750e+05 
2001 1 25 8.930000e+00 7.308760e+05 
2001 1 26 7.830000e+00 7.308770e+05 
2001 1 27 7.000000e+00 7.308780e+05 
2001 1 28 6.420000e+00 7.308790e+05 
2001 1 29 7.610000e+00 7.308800e+05 
2001 1 30 7.280000e+00 7.308810e+05 
2001 1 31 7.190000e+00 7.308820e+05 
2001 2 1 7.190000e+00 7.308830e+05 
2001 2 2 1.570000e+01 7.308840e+05 
2001 2 3 2.040000e+01 7.308850e+05 
2001 2 4 1.520000e+01 7.308860e+05 
2001 2 5 1.490000e+01 7.308870e+05 
2001 2 6 1.230000e+01 7.308880e+05 
2001 2 7 1.020000e+01 7.308890e+05 
2001 2 8 8.940000e+00 7.308900e+05 
2001 2 9 7.780000e+00 7.308910e+05 
2001 2 10 6.900000e+00 7.308920e+05 
2001 2 11 6.240000e+00 7.308930e+05 
2001 2 12 5.510000e+00 7.308940e+05 
2001 2 13 4.960000e+00 7.308950e+05 
2001 2 14 4.610000e+00 7.308960e+05 
2001 2 15 4.260000e+00 7.308970e+05 
2001 2 16 3.980000e+00 7.308980e+05 
2001 2 17 3.710000e+00 7.308990e+05 
2001 2 18 3.830000e+00 7.309000e+05 
2001 2 19 3.790000e+00 7.309010e+05 
2001 2 20 3.510000e+00 7.309020e+05 
2001 2 21 3.290000e+00 7.309030e+05 
2001 2 22 3.210000e+00 7.309040e+05 
2001 2 23 3.240000e+00 7.309050e+05 
2001 2 24 3.180000e+00 7.309060e+05 
2001 2 25 3.050000e+00 7.309070e+05 
2001 2 26 2.800000e+00 7.309080e+05 
2001 2 27 2.660000e+00 7.309090e+05 
2001 2 28 2.570000e+00 7.309100e+05 
2001 3 1 2.580000e+00 7.309110e+05 
2001 3 2 3.260000e+00 7.309120e+05 
2001 3 3 3.210000e+00 7.309130e+05 
2001 3 4 3.000000e+00 7.309140e+05 
2001 3 5 2.730000e+00 7.309150e+05 
2001 3 6 2.650000e+00 7.309160e+05 
2001 3 7 2.700000e+00 7.309170e+05 
2001 3 8 3.800000e+00 7.309180e+05 
2001 3 9 5.060000e+00 7.309190e+05 
2001 3 10 4.860000e+00 7.309200e+05 
2001 3 11 4.480000e+00 7.309210e+05 
2001 3 12 4.100000e+00 7.309220e+05 
2001 3 13 4.670000e+00 7.309230e+05 
2001 3 14 5.400000e+00 7.309240e+05 
2001 3 15 5.100000e+00 7.309250e+05 
2001 3 16 5.420000e+00 7.309260e+05 
2001 3 17 5.010000e+00 7.309270e+05 
2001 3 18 2.500000e+01 7.309280e+05 
2001 3 19 5.020000e+01 7.309290e+05 
2001 3 20 2.860000e+01 7.309300e+05 
2001 3 21 1.920000e+01 7.309310e+05 
2001 3 22 1.450000e+01 7.309320e+05 
2001 3 23 1.160000e+01 7.309330e+05 
2001 3 24 9.960000e+00 7.309340e+05 
2001 3 25 1.730000e+01 7.309350e+05 
2001 3 26 1.920000e+01 7.309360e+05 
2001 3 27 1.510000e+01 7.309370e+05 
2001 3 28 1.360000e+01 7.309380e+05 
2001 3 29 1.230000e+01 7.309390e+05 
2001 3 30 1.180000e+01 7.309400e+05 
2001 3 31 1.160000e+01 7.309410e+05 
2001 4 1 1.200000e+01 7.309420e+05 
2001 4 2 1.060000e+01 7.309430e+05 
2001 4 3 9.140000e+00 7.309440e+05 
2001 4 4 7.840000e+00 7.309450e+05 
2001 4 5 7.190000e+00 7.309460e+05 
2001 4 6 7.030000e+00 7.309470e+05 
2001 4 7 6.590000e+00 7.309480e+05 
2001 4 8 6.140000e+00 7.309490e+05 
2001 4 9 5.690000e+00 7.309500e+05 
2001 4 10 5.380000e+00 7.309510e+05 
2001 4 11 5.070000e+00 7.309520e+05 
2001 4 12 4.780000e+00 7.309530e+05 
2001 4 13 5.060000e+00 7.309540e+05 
2001 4 14 4.920000e+00 7.309550e+05 
2001 4 15 4.540000e+00 7.309560e+05 
2001 4 16 4.290000e+00 7.309570e+05 
2001 4 17 8.000000e+00 7.309580e+05 
2001 4 18 1.300000e+01 7.309590e+05 
2001 4 19 1.120000e+01 7.309600e+05 
2001 4 20 9.450000e+00 7.309610e+05 
2001 4 21 8.250000e+00 7.309620e+05 
2001 4 22 7.900000e+00 7.309630e+05 
2001 4 23 9.150000e+00 7.309640e+05 
2001 4 24 1.540000e+01 7.309650e+05 
2001 4 25 2.090000e+01 7.309660e+05 
2001 4 26 1.670000e+01 7.309670e+05 
2001 4 27 1.490000e+01 7.309680e+05 
2001 4 28 1.290000e+01 7.309690e+05 
2001 4 29 1.130000e+01 7.309700e+05 
2001 4 30 1.540000e+01 7.309710e+05 
2001 5 1 1.720000e+01 7.309720e+05 
2001 5 2 1.310000e+01 7.309730e+05 
2001 5 3 1.070000e+01 7.309740e+05 
2001 5 4 9.520000e+00 7.309750e+05 
2001 5 5 1.030000e+01 7.309760e+05 
2001 5 6 8.560000e+00 7.309770e+05 
2001 5 7 7.420000e+00 7.309780e+05 
2001 5 8 6.980000e+00 7.309790e+05 
2001 5 9 6.690000e+00 7.309800e+05 
2001 5 10 6.240000e+00 7.309810e+05 
2001 5 11 6.040000e+00 7.309820e+05 
2001 5 12 6.650000e+00 7.309830e+05 
2001 5 13 7.550000e+00 7.309840e+05 
2001 5 14 8.880000e+00 7.309850e+05 
2001 5 15 1.010000e+01 7.309860e+05 
2001 5 16 1.010000e+01 7.309870e+05 
2001 5 17 8.030000e+00 7.309880e+05 
2001 5 18 6.690000e+00 7.309890e+05 
2001 5 19 6.170000e+00 7.309900e+05 
2001 5 20 5.950000e+00 7.309910e+05 
2001 5 21 5.770000e+00 7.309920e+05 
2001 5 22 7.720000e+00 7.309930e+05 
2001 5 23 9.210000e+00 7.309940e+05 
2001 5 24 8.660000e+00 7.309950e+05 
2001 5 25 7.460000e+00 7.309960e+05 
2001 5 26 6.810000e+00 7.309970e+05 
2001 5 27 6.100000e+00 7.309980e+05 
2001 5 28 6.190000e+00 7.309990e+05 
2001 5 29 5.610000e+00 7.310000e+05 
2001 5 30 4.440000e+00 7.310010e+05 
2001 5 31 4.450000e+00 7.310020e+05 
2001 6 1 5.920000e+00 7.310030e+05 
2001 6 2 5.430000e+00 7.310040e+05 
2001 6 3 5.890000e+00 7.310050e+05 
2001 6 4 4.790000e+00 7.310060e+05 
2001 6 5 4.150000e+00 7.310070e+05 
2001 6 6 4.710000e+00 7.310080e+05 
2001 6 7 4.420000e+00 7.310090e+05 
2001 6 8 4.020000e+00 7.310100e+05 
2001 6 9 4.100000e+00 7.310110e+05 
2001 6 10 3.980000e+00 7.310120e+05 
2001 6 11 3.730000e+00 7.310130e+05 
2001 6 12 3.400000e+00 7.310140e+05 
2001 6 13 3.090000e+00 7.310150e+05 
2001 6 14 3.020000e+00 7.310160e+05 
2001 6 15 2.960000e+00 7.310170e+05 
2001 6 16 2.940000e+00 7.310180e+05 
2001 6 17 3.080000e+00 7.310190e+05 
2001 6 18 2.830000e+00 7.310200e+05 
2001 6 19 2.640000e+00 7.310210e+05 
2001 6 20 2.680000e+00 7.310220e+05 
2001 6 21 2.770000e+00 7.310230e+05 
2001 6 22 2.880000e+00 7.310240e+05 
2001 6 23 2.530000e+00 7.310250e+05 
2001 6 24 2.390000e+00 7.310260e+05 
2001 6 25 2.520000e+00 7.310270e+05 
2001 6 26 2.330000e+00 7.310280e+05 
2001 6 27 2.590000e+00 7.310290e+05 
2001 6 28 4.050000e+00 7.310300e+05 
2001 6 29 3.050000e+00 7.310310e+05 
2001 6 30 2.500000e+00 7.310320e+05 
2001 7 1 2.220000e+00 7.310330e+05 
2001 7 2 2.060000e+00 7.310340e+05 
2001 7 3 2.000000e+00 7.310350e+05 
2001 7 4 2.090000e+00 7.310360e+05 
2001 7 5 2.070000e+00 7.310370e+05 
2001 7 6 1.850000e+00 7.310380e+05 
2001 7 7 1.760000e+00 7.310390e+05 
2001 7 8 1.600000e+00 7.310400e+05 
2001 7 9 1.520000e+00 7.310410e+05 
2001 7 10 1.490000e+00 7.310420e+05 
2001 7 11 1.540000e+00 7.310430e+05 
2001 7 12 1.430000e+00 7.310440e+05 
2001 7 13 1.320000e+00 7.310450e+05 
2001 7 14 1.280000e+00 7.310460e+05 
2001 7 15 1.300000e+00 7.310470e+05 
2001 7 16 1.330000e+00 7.310480e+05 
2001 7 17 1.340000e+00 7.310490e+05 
2001 7 18 1.280000e+00 7.310500e+05 
2001 7 19 1.260000e+00 7.310510e+05 
2001 7 20 1.260000e+00 7.310520e+05 
2001 7 21 1.270000e+00 7.310530e+05 
2001 7 22 1.180000e+00 7.310540e+05 
2001 7 23 1.150000e+00 7.310550e+05 
2001 7 24 1.120000e+00 7.310560e+05 
2001 7 25 1.230000e+00 7.310570e+05 
2001 7 26 1.230000e+00 7.310580e+05 
2001 7 27 1.280000e+00 7.310590e+05 
2001 7 28 1.950000e+00 7.310600e+05 
2001 7 29 1.630000e+00 7.310610e+05 
2001 7 30 1.570000e+00 7.310620e+05 
2001 7 31 1.500000e+00 7.310630e+05 
2001 8 1 1.500000e+00 7.310640e+05 
2001 8 2 2.020000e+00 7.310650e+05 
2001 8 3 2.710000e+00 7.310660e+05 
2001 8 4 2.810000e+00 7.310670e+05 
2001 8 5 2.630000e+00 7.310680e+05 
2001 8 6 3.560000e+00 7.310690e+05 
2001 8 7 3.110000e+00 7.310700e+05 
2001 8 8 2.230000e+00 7.310710e+05 
2001 8 9 1.820000e+00 7.310720e+05 
2001 8 10 1.600000e+00 7.310730e+05 
2001 8 11 1.590000e+00 7.310740e+05 
2001 8 12 1.490000e+00 7.310750e+05 
2001 8 13 1.500000e+00 7.310760e+05 
2001 8 14 1.530000e+00 7.310770e+05 
2001 8 15 1.470000e+00 7.310780e+05 
2001 8 16 1.440000e+00 7.310790e+05 
2001 8 17 1.420000e+00 7.310800e+05 
2001 8 18 1.390000e+00 7.310810e+05 
2001 8 19 1.400000e+00 7.310820e+05 
2001 8 20 1.430000e+00 7.310830e+05 
2001 8 21 1.470000e+00 7.310840e+05 
2001 8 22 4.210000e+00 7.310850e+05 
2001 8 23 5.000000e+00 7.310860e+05 
2001 8 24 7.960000e+00 7.310870e+05 
2001 8 25 5.300000e+00 7.310880e+05 
2001 8 26 3.650000e+00 7.310890e+05 
2001 8 27 2.820000e+00 7.310900e+05 
2001 8 28 2.720000e+00 7.310910e+05 
2001 8 29 2.240000e+00 7.310920e+05 
2001 8 30 2.030000e+00 7.310930e+05 
2001 8 31 1.860000e+00 7.310940e+05 
2001 9 1 1.950000e+00 7.310950e+05 
2001 9 2 2.070000e+00 7.310960e+05 
2001 9 3 1.910000e+00 7.310970e+05 
2001 9 4 1.860000e+00 7.310980e+05 
2001 9 5 1.730000e+00 7.310990e+05 
2001 9 6 1.620000e+00 7.311000e+05 
2001 9 7 1.530000e+00 7.311010e+05 
2001 9 8 1.670000e+00 7.311020e+05 
2001 9 9 1.660000e+00 7.311030e+05 
2001 9 10 1.440000e+00 7.311040e+05 
2001 9 11 1.500000e+00 7.311050e+05 
2001 9 12 1.490000e+00 7.311060e+05 
2001 9 13 1.710000e+00 7.311070e+05 
2001 9 14 1.760000e+00 7.311080e+05 
2001 9 15 1.680000e+00 7.311090e+05 
2001 9 16 1.660000e+00 7.311100e+05 
2001 9 17 1.930000e+00 7.311110e+05 
2001 9 18 1.690000e+00 7.311120e+05 
2001 9 19 1.620000e+00 7.311130e+05 
2001 9 20 1.670000e+00 7.311140e+05 
2001 9 21 1.660000e+00 7.311150e+05 
2001 9 22 1.680000e+00 7.311160e+05 
2001 9 23 1.640000e+00 7.311170e+05 
2001 9 24 1.620000e+00 7.311180e+05 
2001 9 25 1.660000e+00 7.311190e+05 
2001 9 26 1.770000e+00 7.311200e+05 
2001 9 27 1.710000e+00 7.311210e+05 
2001 9 28 1.690000e+00 7.311220e+05 
2001 9 29 1.990000e+00 7.311230e+05 
2001 9 30 2.170000e+00 7.311240e+05 
2001 10 1 2.030000e+00 7.311250e+05 
2001 10 2 1.800000e+00 7.311260e+05 
2001 10 3 1.670000e+00 7.311270e+05 
2001 10 4 1.730000e+00 7.311280e+05 
2001 10 5 1.570000e+00 7.311290e+05 
2001 10 6 1.480000e+00 7.311300e+05 
2001 10 7 1.720000e+00 7.311310e+05 
2001 10 8 1.850000e+00 7.311320e+05 
2001 10 9 1.940000e+00 7.311330e+05 
2001 10 10 2.030000e+00 7.311340e+05 
2001 10 11 1.760000e+00 7.311350e+05 
2001 10 12 1.700000e+00 7.311360e+05 
2001 10 13 2.370000e+00 7.311370e+05 
2001 10 14 2.430000e+00 7.311380e+05 
2001 10 15 2.440000e+00 7.311390e+05 
2001 10 16 1.900000e+00 7.311400e+05 
2001 10 17 1.780000e+00 7.311410e+05 
2001 10 18 1.740000e+00 7.311420e+05 
2001 10 19 1.790000e+00 7.311430e+05 
2001 10 20 1.660000e+00 7.311440e+05 
2001 10 21 1.580000e+00 7.311450e+05 
2001 10 22 2.150000e+00 7.311460e+05 
2001 10 23 6.640000e+00 7.311470e+05 
2001 10 24 4.540000e+00 7.311480e+05 
2001 10 25 3.490000e+00 7.311490e+05 
2001 10 26 9.520000e+00 7.311500e+05 
2001 10 27 1.080000e+01 7.311510e+05 
2001 10 28 6.720000e+00 7.311520e+05 
2001 10 29 4.940000e+00 7.311530e+05 
2001 10 30 4.090000e+00 7.311540e+05 
2001 10 31 9.520000e+00 7.311550e+05 
2001 11 1 9.370000e+00 7.311560e+05 
2001 11 2 1.100000e+01 7.311570e+05 
2001 11 3 7.830000e+00 7.311580e+05 
2001 11 4 8.520000e+00 7.311590e+05 
2001 11 5 9.060000e+00 7.311600e+05 
2001 11 6 7.300000e+00 7.311610e+05 
2001 11 7 6.200000e+00 7.311620e+05 
2001 11 8 5.500000e+00 7.311630e+05 
2001 11 9 4.860000e+00 7.311640e+05 
2001 11 10 4.500000e+00 7.311650e+05 
2001 11 11 4.200000e+00 7.311660e+05 
2001 11 12 1.270000e+01 7.311670e+05 
2001 11 13 3.210000e+01 7.311680e+05 
2001 11 14 4.550000e+01 7.311690e+05 
2001 11 15 1.200000e+02 7.311700e+05 
2001 11 16 4.750000e+01 7.311710e+05 
2001 11 17 2.120000e+01 7.311720e+05 
2001 11 18 1.280000e+01 7.311730e+05 
2001 11 19 3.180000e+01 7.311740e+05 
2001 11 20 1.210000e+02 7.311750e+05 
2001 11 21 1.100000e+02 7.311760e+05 
2001 11 22 5.630000e+01 7.311770e+05 
2001 11 23 2.970000e+01 7.311780e+05 
2001 11 24 1.800000e+01 7.311790e+05 
2001 11 25 1.260000e+01 7.311800e+05 
2001 11 26 9.550000e+00 7.311810e+05 
2001 11 27 7.620000e+00 7.311820e+05 
2001 11 28 7.450000e+00 7.311830e+05 
2001 11 29 8.070000e+00 7.311840e+05 
2001 11 30 7.830000e+00 7.311850e+05 
2001 12 1 2.220000e+01 7.311860e+05 
2001 12 2 2.830000e+01 7.311870e+05 
2001 12 3 1.640000e+01 7.311880e+05 
2001 12 4 1.150000e+01 7.311890e+05 
2001 12 5 8.900000e+00 7.311900e+05 
2001 12 6 7.930000e+00 7.311910e+05 
2001 12 7 7.110000e+00 7.311920e+05 
2001 12 8 1.010000e+01 7.311930e+05 
2001 12 9 2.250000e+01 7.311940e+05 
2001 12 10 1.430000e+01 7.311950e+05 
2001 12 11 1.150000e+01 7.311960e+05 
2001 12 12 9.300000e+00 7.311970e+05 
2001 12 13 1.150000e+01 7.311980e+05 
2001 12 14 1.630000e+01 7.311990e+05 
2001 12 15 2.180000e+01 7.312000e+05 
2001 12 16 1.740000e+02 7.312010e+05 
2001 12 17 1.160000e+02 7.312020e+05 
2001 12 18 5.650000e+01 7.312030e+05 
2001 12 19 3.910000e+01 7.312040e+05 
2001 12 20 2.300000e+01 7.312050e+05 
2001 12 21 1.530000e+01 7.312060e+05 
2001 12 22 1.190000e+01 7.312070e+05 
2001 12 23 9.700000e+00 7.312080e+05 
2001 12 24 8.230000e+00 7.312090e+05 
2001 12 25 7.290000e+00 7.312100e+05 
2001 12 26 6.550000e+00 7.312110e+05 
2001 12 27 6.080000e+00 7.312120e+05 
2001 12 28 6.140000e+00 7.312130e+05 
2001 12 29 6.420000e+00 7.312140e+05 
2001 12 30 6.410000e+00 7.312150e+05 
2001 12 31 6.560000e+00 7.312160e+05 
2002 1 1 9.460000e+00 7.312170e+05 
2002 1 2 8.270000e+01 7.312180e+05 
2002 1 3 1.000000e+02 7.312190e+05 
2002 1 4 4.820000e+01 7.312200e+05 
2002 1 5 2.720000e+01 7.312210e+05 
2002 1 6 7.540000e+01 7.312220e+05 
2002 1 7 2.260000e+02 7.312230e+05 
2002 1 8 1.310000e+02 7.312240e+05 
2002 1 9 6.080000e+01 7.312250e+05 
2002 1 10 3.380000e+01 7.312260e+05 
2002 1 11 2.320000e+01 7.312270e+05 
2002 1 12 2.450000e+01 7.312280e+05 
2002 1 13 2.050000e+01 7.312290e+05 
2002 1 14 1.620000e+01 7.312300e+05 
2002 1 15 1.330000e+01 7.312310e+05 
2002 1 16 1.120000e+01 7.312320e+05 
2002 1 17 9.790000e+00 7.312330e+05 
2002 1 18 8.720000e+00 7.312340e+05 
2002 1 19 8.630000e+00 7.312350e+05 
2002 1 20 8.180000e+00 7.312360e+05 
2002 1 21 7.840000e+00 7.312370e+05 
2002 1 22 6.960000e+00 7.312380e+05 
2002 1 23 6.200000e+00 7.312390e+05 
2002 1 24 1.000000e+01 7.312400e+05 
2002 1 25 1.790000e+01 7.312410e+05 
2002 1 26 1.370000e+01 7.312420e+05 
2002 1 27 1.180000e+01 7.312430e+05 
2002 1 28 9.490000e+00 7.312440e+05 
2002 1 29 7.970000e+00 7.312450e+05 
2002 1 30 7.020000e+00 7.312460e+05 
2002 1 31 6.590000e+00 7.312470e+05 
2002 2 1 6.110000e+00 7.312480e+05 
2002 2 2 5.820000e+00 7.312490e+05 
2002 2 3 8.940000e+00 7.312500e+05 
2002 2 4 1.040000e+01 7.312510e+05 
2002 2 5 1.320000e+01 7.312520e+05 
2002 2 6 2.050000e+01 7.312530e+05 
2002 2 7 3.120000e+01 7.312540e+05 
2002 2 8 2.470000e+01 7.312550e+05 
2002 2 9 1.600000e+01 7.312560e+05 
2002 2 10 1.300000e+01 7.312570e+05 
2002 2 11 1.170000e+01 7.312580e+05 
2002 2 12 9.990000e+00 7.312590e+05 
2002 2 13 8.670000e+00 7.312600e+05 
2002 2 14 7.410000e+00 7.312610e+05 
2002 2 15 6.550000e+00 7.312620e+05 
2002 2 16 6.080000e+00 7.312630e+05 
2002 2 17 6.100000e+00 7.312640e+05 
2002 2 18 6.280000e+00 7.312650e+05 
2002 2 19 2.100000e+01 7.312660e+05 
2002 2 20 2.340000e+01 7.312670e+05 
2002 2 21 4.090000e+01 7.312680e+05 
2002 2 22 8.320000e+01 7.312690e+05 
2002 2 23 4.380000e+01 7.312700e+05 
2002 2 24 2.510000e+01 7.312710e+05 
2002 2 25 1.690000e+01 7.312720e+05 
2002 2 26 1.330000e+01 7.312730e+05 
2002 2 27 1.100000e+01 7.312740e+05 
2002 2 28 9.340000e+00 7.312750e+05 
2002 3 1 8.090000e+00 7.312760e+05 
2002 3 2 7.040000e+00 7.312770e+05 
2002 3 3 6.390000e+00 7.312780e+05 
2002 3 4 5.900000e+00 7.312790e+05 
2002 3 5 5.700000e+00 7.312800e+05 
2002 3 6 5.350000e+00 7.312810e+05 
2002 3 7 5.030000e+00 7.312820e+05 
2002 3 8 4.750000e+00 7.312830e+05 
2002 3 9 4.540000e+00 7.312840e+05 
2002 3 10 5.060000e+00 7.312850e+05 
2002 3 11 2.160000e+01 7.312860e+05 
2002 3 12 3.260000e+01 7.312870e+05 
2002 3 13 2.720000e+01 7.312880e+05 
2002 3 14 1.850000e+01 7.312890e+05 
2002 3 15 1.430000e+01 7.312900e+05 
2002 3 16 1.250000e+01 7.312910e+05 
2002 3 17 1.030000e+01 7.312920e+05 
2002 3 18 8.960000e+00 7.312930e+05 
2002 3 19 8.090000e+00 7.312940e+05 
2002 3 20 7.320000e+00 7.312950e+05 
2002 3 21 6.550000e+00 7.312960e+05 
2002 3 22 6.220000e+00 7.312970e+05 
2002 3 23 6.390000e+00 7.312980e+05 
2002 3 24 7.150000e+00 7.312990e+05 
2002 3 25 8.440000e+00 7.313000e+05 
2002 3 26 1.030000e+01 7.313010e+05 
2002 3 27 1.160000e+01 7.313020e+05 
2002 3 28 1.050000e+01 7.313030e+05 
2002 3 29 9.710000e+00 7.313040e+05 
2002 3 30 9.290000e+00 7.313050e+05 
2002 3 31 1.030000e+01 7.313060e+05 
2002 4 1 1.220000e+01 7.313070e+05 
2002 4 2 1.140000e+01 7.313080e+05 
2002 4 3 1.000000e+01 7.313090e+05 
2002 4 4 9.740000e+00 7.313100e+05 
2002 4 5 1.130000e+01 7.313110e+05 
2002 4 6 1.390000e+01 7.313120e+05 
2002 4 7 1.430000e+01 7.313130e+05 
2002 4 8 1.220000e+01 7.313140e+05 
2002 4 9 1.140000e+01 7.313150e+05 
2002 4 10 1.420000e+01 7.313160e+05 
2002 4 11 1.950000e+01 7.313170e+05 
2002 4 12 2.680000e+01 7.313180e+05 
2002 4 13 6.160000e+01 7.313190e+05 
2002 4 14 6.370000e+01 7.313200e+05 
2002 4 15 3.120000e+01 7.313210e+05 
2002 4 16 2.090000e+01 7.313220e+05 
2002 4 17 2.000000e+01 7.313230e+05 
2002 4 18 1.760000e+01 7.313240e+05 
2002 4 19 1.520000e+01 7.313250e+05 
2002 4 20 1.360000e+01 7.313260e+05 
2002 4 21 1.280000e+01 7.313270e+05 
2002 4 22 1.260000e+01 7.313280e+05 
2002 4 23 1.170000e+01 7.313290e+05 
2002 4 24 1.020000e+01 7.313300e+05 
2002 4 25 9.180000e+00 7.313310e+05 
2002 4 26 9.190000e+00 7.313320e+05 
2002 4 27 9.450000e+00 7.313330e+05 
2002 4 28 9.050000e+00 7.313340e+05 
2002 4 29 9.670000e+00 7.313350e+05 
2002 4 30 1.190000e+01 7.313360e+05 
2002 5 1 1.690000e+01 7.313370e+05 
2002 5 2 1.860000e+01 7.313380e+05 
2002 5 3 1.490000e+01 7.313390e+05 
2002 5 4 1.130000e+01 7.313400e+05 
2002 5 5 9.510000e+00 7.313410e+05 
2002 5 6 8.550000e+00 7.313420e+05 
2002 5 7 7.390000e+00 7.313430e+05 
2002 5 8 6.640000e+00 7.313440e+05 
2002 5 9 6.320000e+00 7.313450e+05 
2002 5 10 6.160000e+00 7.313460e+05 
2002 5 11 6.260000e+00 7.313470e+05 
2002 5 12 7.460000e+00 7.313480e+05 
2002 5 13 1.100000e+01 7.313490e+05 
2002 5 14 1.060000e+01 7.313500e+05 
2002 5 15 9.050000e+00 7.313510e+05 
2002 5 16 7.760000e+00 7.313520e+05 
2002 5 17 9.250000e+00 7.313530e+05 
2002 5 18 8.630000e+00 7.313540e+05 
2002 5 19 8.220000e+00 7.313550e+05 
2002 5 20 8.500000e+00 7.313560e+05 
2002 5 21 9.300000e+00 7.313570e+05 
2002 5 22 9.290000e+00 7.313580e+05 
2002 5 23 9.590000e+00 7.313590e+05 
2002 5 24 8.920000e+00 7.313600e+05 
2002 5 25 9.680000e+00 7.313610e+05 
2002 5 26 1.160000e+01 7.313620e+05 
2002 5 27 1.270000e+01 7.313630e+05 
2002 5 28 1.650000e+01 7.313640e+05 
2002 5 29 2.220000e+01 7.313650e+05 
2002 5 30 1.510000e+01 7.313660e+05 
2002 5 31 1.070000e+01 7.313670e+05 
2002 6 1 8.800000e+00 7.313680e+05 
2002 6 2 9.140000e+00 7.313690e+05 
2002 6 3 9.660000e+00 7.313700e+05 
2002 6 4 9.640000e+00 7.313710e+05 
2002 6 5 1.020000e+01 7.313720e+05 
2002 6 6 8.820000e+00 7.313730e+05 
2002 6 7 6.810000e+00 7.313740e+05 
2002 6 8 5.490000e+00 7.313750e+05 
2002 6 9 5.100000e+00 7.313760e+05 
2002 6 10 6.800000e+00 7.313770e+05 
2002 6 11 8.020000e+00 7.313780e+05 
2002 6 12 8.580000e+00 7.313790e+05 
2002 6 13 9.120000e+00 7.313800e+05 
2002 6 14 9.650000e+00 7.313810e+05 
2002 6 15 8.540000e+00 7.313820e+05 
2002 6 16 7.290000e+00 7.313830e+05 
2002 6 17 6.630000e+00 7.313840e+05 
2002 6 18 7.890000e+00 7.313850e+05 
2002 6 19 5.870000e+00 7.313860e+05 
2002 6 20 5.020000e+00 7.313870e+05 
2002 6 21 4.850000e+00 7.313880e+05 
2002 6 22 4.880000e+00 7.313890e+05 
2002 6 23 4.620000e+00 7.313900e+05 
2002 6 24 4.200000e+00 7.313910e+05 
2002 6 25 3.880000e+00 7.313920e+05 
2002 6 26 4.120000e+00 7.313930e+05 
2002 6 27 4.450000e+00 7.313940e+05 
2002 6 28 4.360000e+00 7.313950e+05 
2002 6 29 7.080000e+00 7.313960e+05 
2002 6 30 5.490000e+00 7.313970e+05 
2002 7 1 4.030000e+00 7.313980e+05 
2002 7 2 3.250000e+00 7.313990e+05 
2002 7 3 2.830000e+00 7.314000e+05 
2002 7 4 2.550000e+00 7.314010e+05 
2002 7 5 2.330000e+00 7.314020e+05 
2002 7 6 2.150000e+00 7.314030e+05 
2002 7 7 2.100000e+00 7.314040e+05 
2002 7 8 2.550000e+00 7.314050e+05 
2002 7 9 2.690000e+00 7.314060e+05 
2002 7 10 2.440000e+00 7.314070e+05 
2002 7 11 2.380000e+00 7.314080e+05 
2002 7 12 2.270000e+00 7.314090e+05 
2002 7 13 2.130000e+00 7.314100e+05 
2002 7 14 1.980000e+00 7.314110e+05 
2002 7 15 1.840000e+00 7.314120e+05 
2002 7 16 1.960000e+00 7.314130e+05 
2002 7 17 2.000000e+00 7.314140e+05 
2002 7 18 2.000000e+00 7.314150e+05 
2002 7 19 1.880000e+00 7.314160e+05 
2002 7 20 1.690000e+00 7.314170e+05 
2002 7 21 1.600000e+00 7.314180e+05 
2002 7 22 1.540000e+00 7.314190e+05 
2002 7 23 1.520000e+00 7.314200e+05 
2002 7 24 1.500000e+00 7.314210e+05 
2002 7 25 1.460000e+00 7.314220e+05 
2002 7 26 1.890000e+00 7.314230e+05 
2002 7 27 1.940000e+00 7.314240e+05 
2002 7 28 1.930000e+00 7.314250e+05 
2002 7 29 1.910000e+00 7.314260e+05 
2002 7 30 1.850000e+00 7.314270e+05 
2002 7 31 2.110000e+00 7.314280e+05 
2002 8 1 1.780000e+00 7.314290e+05 
2002 8 2 1.780000e+00 7.314300e+05 
2002 8 3 1.800000e+00 7.314310e+05 
2002 8 4 2.160000e+00 7.314320e+05 
2002 8 5 2.060000e+00 7.314330e+05 
2002 8 6 2.050000e+00 7.314340e+05 
2002 8 7 1.920000e+00 7.314350e+05 
2002 8 8 1.840000e+00 7.314360e+05 
2002 8 9 1.780000e+00 7.314370e+05 
2002 8 10 1.730000e+00 7.314380e+05 
2002 8 11 1.660000e+00 7.314390e+05 
2002 8 12 1.600000e+00 7.314400e+05 
2002 8 13 1.600000e+00 7.314410e+05 
2002 8 14 1.820000e+00 7.314420e+05 
2002 8 15 1.790000e+00 7.314430e+05 
2002 8 16 1.750000e+00 7.314440e+05 
2002 8 17 1.710000e+00 7.314450e+05 
2002 8 18 1.700000e+00 7.314460e+05 
2002 8 19 1.690000e+00 7.314470e+05 
2002 8 20 1.660000e+00 7.314480e+05 
2002 8 21 1.630000e+00 7.314490e+05 
2002 8 22 1.580000e+00 7.314500e+05 
2002 8 23 1.540000e+00 7.314510e+05 
2002 8 24 1.510000e+00 7.314520e+05 
2002 8 25 1.500000e+00 7.314530e+05 
2002 8 26 1.490000e+00 7.314540e+05 
2002 8 27 1.440000e+00 7.314550e+05 
2002 8 28 1.850000e+00 7.314560e+05 
2002 8 29 1.950000e+00 7.314570e+05 
2002 8 30 1.510000e+00 7.314580e+05 
2002 8 31 1.550000e+00 7.314590e+05 
2002 9 1 1.540000e+00 7.314600e+05 
2002 9 2 1.550000e+00 7.314610e+05 
2002 9 3 1.530000e+00 7.314620e+05 
2002 9 4 1.530000e+00 7.314630e+05 
2002 9 5 1.540000e+00 7.314640e+05 
2002 9 6 1.870000e+00 7.314650e+05 
2002 9 7 1.710000e+00 7.314660e+05 
2002 9 8 1.690000e+00 7.314670e+05 
2002 9 9 1.730000e+00 7.314680e+05 
2002 9 10 1.780000e+00 7.314690e+05 
2002 9 11 1.720000e+00 7.314700e+05 
2002 9 12 1.720000e+00 7.314710e+05 
2002 9 13 1.570000e+00 7.314720e+05 
2002 9 14 1.530000e+00 7.314730e+05 
2002 9 15 1.490000e+00 7.314740e+05 
2002 9 16 1.560000e+00 7.314750e+05 
2002 9 17 1.730000e+00 7.314760e+05 
2002 9 18 1.710000e+00 7.314770e+05 
2002 9 19 1.680000e+00 7.314780e+05 
2002 9 20 1.630000e+00 7.314790e+05 
2002 9 21 1.590000e+00 7.314800e+05 
2002 9 22 1.510000e+00 7.314810e+05 
2002 9 23 1.460000e+00 7.314820e+05 
2002 9 24 1.490000e+00 7.314830e+05 
2002 9 25 1.460000e+00 7.314840e+05 
2002 9 26 1.410000e+00 7.314850e+05 
2002 9 27 1.410000e+00 7.314860e+05 
2002 9 28 1.510000e+00 7.314870e+05 
2002 9 29 1.440000e+00 7.314880e+05 
2002 9 30 1.380000e+00 7.314890e+05 
2002 10 1 1.300000e+00 7.314900e+05 
2002 10 2 1.240000e+00 7.314910e+05 
2002 10 3 1.400000e+00 7.314920e+05 
2002 10 4 1.250000e+00 7.314930e+05 
2002 10 5 1.270000e+00 7.314940e+05 
2002 10 6 1.240000e+00 7.314950e+05 
2002 10 7 1.190000e+00 7.314960e+05 
2002 10 8 1.180000e+00 7.314970e+05 
2002 10 9 1.160000e+00 7.314980e+05 
2002 10 10 1.150000e+00 7.314990e+05 
2002 10 11 1.110000e+00 7.315000e+05 
2002 10 12 1.090000e+00 7.315010e+05 
2002 10 13 1.080000e+00 7.315020e+05 
2002 10 14 1.060000e+00 7.315030e+05 
2002 10 15 1.040000e+00 7.315040e+05 
2002 10 16 1.040000e+00 7.315050e+05 
2002 10 17 1.020000e+00 7.315060e+05 
2002 10 18 1.010000e+00 7.315070e+05 
2002 10 19 1.020000e+00 7.315080e+05 
2002 10 20 1.050000e+00 7.315090e+05 
2002 10 21 1.050000e+00 7.315100e+05 
2002 10 22 1.050000e+00 7.315110e+05 
2002 10 23 1.030000e+00 7.315120e+05 
2002 10 24 1.030000e+00 7.315130e+05 
2002 10 25 1.020000e+00 7.315140e+05 
2002 10 26 1.020000e+00 7.315150e+05 
2002 10 27 1.030000e+00 7.315160e+05 
2002 10 28 1.020000e+00 7.315170e+05 
2002 10 29 1.040000e+00 7.315180e+05 
2002 10 30 1.020000e+00 7.315190e+05 
2002 10 31 1.020000e+00 7.315200e+05 
2002 11 1 1.040000e+00 7.315210e+05 
2002 11 2 1.010000e+00 7.315220e+05 
2002 11 3 1.000000e+00 7.315230e+05 
2002 11 4 9.800000e-01 7.315240e+05 
2002 11 5 9.700000e-01 7.315250e+05 
2002 11 6 1.450000e+00 7.315260e+05 
2002 11 7 3.100000e+00 7.315270e+05 
2002 11 8 8.940000e+00 7.315280e+05 
2002 11 9 1.290000e+01 7.315290e+05 
2002 11 10 1.240000e+01 7.315300e+05 
2002 11 11 2.190000e+01 7.315310e+05 
2002 11 12 7.520000e+01 7.315320e+05 
2002 11 13 4.700000e+01 7.315330e+05 
2002 11 14 2.970000e+01 7.315340e+05 
2002 11 15 2.330000e+01 7.315350e+05 
2002 11 16 5.390000e+01 7.315360e+05 
2002 11 17 3.660000e+01 7.315370e+05 
2002 11 18 1.250000e+02 7.315380e+05 
2002 11 19 8.690000e+01 7.315390e+05 
2002 11 20 4.300000e+01 7.315400e+05 
2002 11 21 2.200000e+01 7.315410e+05 
2002 11 22 1.490000e+01 7.315420e+05 
2002 11 23 1.110000e+01 7.315430e+05 
2002 11 24 8.540000e+00 7.315440e+05 
2002 11 25 6.880000e+00 7.315450e+05 
2002 11 26 5.770000e+00 7.315460e+05 
2002 11 27 5.010000e+00 7.315470e+05 
2002 11 28 4.400000e+00 7.315480e+05 
2002 11 29 4.000000e+00 7.315490e+05 
2002 11 30 3.690000e+00 7.315500e+05 
2002 12 1 3.380000e+00 7.315510e+05 
2002 12 2 3.090000e+00 7.315520e+05 
2002 12 3 2.920000e+00 7.315530e+05 
2002 12 4 2.770000e+00 7.315540e+05 
2002 12 5 2.720000e+00 7.315550e+05 
2002 12 6 2.610000e+00 7.315560e+05 
2002 12 7 2.510000e+00 7.315570e+05 
2002 12 8 2.420000e+00 7.315580e+05 
2002 12 9 2.370000e+00 7.315590e+05 
2002 12 10 7.780000e+00 7.315600e+05 
2002 12 11 1.170000e+01 7.315610e+05 
2002 12 12 1.190000e+02 7.315620e+05 
2002 12 13 8.590000e+01 7.315630e+05 
2002 12 14 1.220000e+02 7.315640e+05 
2002 12 15 1.000000e+02 7.315650e+05 
2002 12 16 8.770000e+01 7.315660e+05 
2002 12 17 4.090000e+01 7.315670e+05 
2002 12 18 2.370000e+01 7.315680e+05 
2002 12 19 1.690000e+01 7.315690e+05 
2002 12 20 1.360000e+01 7.315700e+05 
2002 12 21 1.110000e+01 7.315710e+05 
2002 12 22 8.950000e+00 7.315720e+05 
2002 12 23 7.500000e+00 7.315730e+05 
2002 12 24 6.610000e+00 7.315740e+05 
2002 12 25 3.150000e+01 7.315750e+05 
2002 12 26 3.950000e+01 7.315760e+05 
2002 12 27 2.210000e+01 7.315770e+05 
2002 12 28 1.580000e+01 7.315780e+05 
2002 12 29 1.220000e+01 7.315790e+05 
2002 12 30 1.080000e+01 7.315800e+05 
2002 12 31 9.480000e+00 7.315810e+05 
2003 1 1 1.460000e+01 7.315820e+05 
2003 1 2 1.360000e+02 7.315830e+05 
2003 1 3 1.510000e+02 7.315840e+05 
2003 1 4 1.330000e+02 7.315850e+05 
2003 1 5 7.820000e+01 7.315860e+05 
2003 1 6 3.870000e+01 7.315870e+05 
2003 1 7 2.530000e+01 7.315880e+05 
2003 1 8 1.990000e+01 7.315890e+05 
2003 1 9 1.620000e+01 7.315900e+05 
2003 1 10 1.330000e+01 7.315910e+05 
2003 1 11 1.130000e+01 7.315920e+05 
2003 1 12 1.350000e+01 7.315930e+05 
2003 1 13 1.190000e+01 7.315940e+05 
2003 1 14 1.550000e+01 7.315950e+05 
2003 1 15 1.280000e+01 7.315960e+05 
2003 1 16 1.070000e+01 7.315970e+05 
2003 1 17 9.230000e+00 7.315980e+05 
2003 1 18 8.510000e+00 7.315990e+05 
2003 1 19 8.300000e+00 7.316000e+05 
2003 1 20 8.270000e+00 7.316010e+05 
2003 1 21 8.280000e+00 7.316020e+05 
2003 1 22 1.980000e+01 7.316030e+05 
2003 1 23 1.010000e+02 7.316040e+05 
2003 1 24 6.770000e+01 7.316050e+05 
2003 1 25 4.210000e+01 7.316060e+05 
2003 1 26 1.310000e+02 7.316070e+05 
2003 1 27 6.400000e+01 7.316080e+05 
2003 1 28 3.250000e+01 7.316090e+05 
2003 1 29 2.190000e+01 7.316100e+05 
2003 1 30 2.040000e+01 7.316110e+05 
2003 1 31 5.300000e+01 7.316120e+05 
2003 2 1 4.190000e+01 7.316130e+05 
2003 2 2 2.510000e+01 7.316140e+05 
2003 2 3 1.750000e+01 7.316150e+05 
2003 2 4 1.350000e+01 7.316160e+05 
2003 2 5 1.100000e+01 7.316170e+05 
2003 2 6 9.030000e+00 7.316180e+05 
2003 2 7 7.580000e+00 7.316190e+05 
2003 2 8 6.500000e+00 7.316200e+05 
2003 2 9 5.710000e+00 7.316210e+05 
2003 2 10 5.120000e+00 7.316220e+05 
2003 2 11 4.660000e+00 7.316230e+05 
2003 2 12 4.290000e+00 7.316240e+05 
2003 2 13 3.940000e+00 7.316250e+05 
2003 2 14 3.570000e+00 7.316260e+05 
2003 2 15 3.750000e+00 7.316270e+05 
2003 2 16 4.770000e+00 7.316280e+05 
2003 2 17 4.420000e+00 7.316290e+05 
2003 2 18 3.990000e+00 7.316300e+05 
2003 2 19 3.890000e+00 7.316310e+05 
2003 2 20 4.190000e+00 7.316320e+05 
2003 2 21 4.810000e+00 7.316330e+05 
2003 2 22 4.440000e+00 7.316340e+05 
2003 2 23 4.060000e+00 7.316350e+05 
2003 2 24 3.710000e+00 7.316360e+05 
2003 2 25 3.410000e+00 7.316370e+05 
2003 2 26 3.270000e+00 7.316380e+05 
2003 2 27 3.040000e+00 7.316390e+05 
2003 2 28 2.910000e+00 7.316400e+05 
2003 3 1 2.790000e+00 7.316410e+05 
2003 3 2 2.700000e+00 7.316420e+05 
2003 3 3 2.690000e+00 7.316430e+05 
2003 3 4 2.590000e+00 7.316440e+05 
2003 3 5 2.560000e+00 7.316450e+05 
2003 3 6 2.530000e+00 7.316460e+05 
2003 3 7 2.450000e+00 7.316470e+05 
2003 3 8 2.400000e+00 7.316480e+05 
2003 3 9 2.520000e+00 7.316490e+05 
2003 3 10 3.950000e+00 7.316500e+05 
2003 3 11 5.890000e+00 7.316510e+05 
2003 3 12 3.190000e+01 7.316520e+05 
2003 3 13 2.560000e+02 7.316530e+05 
2003 3 14 1.730000e+02 7.316540e+05 
2003 3 15 1.040000e+02 7.316550e+05 
2003 3 16 6.620000e+01 7.316560e+05 
2003 3 17 3.680000e+01 7.316570e+05 
2003 3 18 2.500000e+01 7.316580e+05 
2003 3 19 2.390000e+01 7.316590e+05 
2003 3 20 3.430000e+01 7.316600e+05 
2003 3 21 2.960000e+01 7.316610e+05 
2003 3 22 1.060000e+02 7.316620e+05 
2003 3 23 5.510000e+01 7.316630e+05 
2003 3 24 3.030000e+01 7.316640e+05 
2003 3 25 2.100000e+01 7.316650e+05 
2003 3 26 1.770000e+01 7.316660e+05 
2003 3 27 1.500000e+01 7.316670e+05 
2003 3 28 1.300000e+01 7.316680e+05 
2003 3 29 1.140000e+01 7.316690e+05 
2003 3 30 1.870000e+01 7.316700e+05 
2003 3 31 2.590000e+01 7.316710e+05 
2003 4 1 1.770000e+01 7.316720e+05 
2003 4 2 1.530000e+01 7.316730e+05 
2003 4 3 1.310000e+01 7.316740e+05 
2003 4 4 1.130000e+01 7.316750e+05 
2003 4 5 1.000000e+01 7.316760e+05 
2003 4 6 9.100000e+00 7.316770e+05 
2003 4 7 2.320000e+01 7.316780e+05 
2003 4 8 1.160000e+02 7.316790e+05 
2003 4 9 8.010000e+01 7.316800e+05 
2003 4 10 3.640000e+01 7.316810e+05 
2003 4 11 2.530000e+01 7.316820e+05 
2003 4 12 2.140000e+01 7.316830e+05 
2003 4 13 1.800000e+01 7.316840e+05 
2003 4 14 1.680000e+01 7.316850e+05 
2003 4 15 1.450000e+01 7.316860e+05 
2003 4 16 1.280000e+01 7.316870e+05 
2003 4 17 1.120000e+01 7.316880e+05 
2003 4 18 9.830000e+00 7.316890e+05 
2003 4 19 8.800000e+00 7.316900e+05 
2003 4 20 8.390000e+00 7.316910e+05 
2003 4 21 8.400000e+00 7.316920e+05 
2003 4 22 8.310000e+00 7.316930e+05 
2003 4 23 8.040000e+00 7.316940e+05 
2003 4 24 8.440000e+00 7.316950e+05 
2003 4 25 8.420000e+00 7.316960e+05 
2003 4 26 7.570000e+00 7.316970e+05 
2003 4 27 7.040000e+00 7.316980e+05 
2003 4 28 6.540000e+00 7.316990e+05 
2003 4 29 6.360000e+00 7.317000e+05 
2003 4 30 6.480000e+00 7.317010e+05 
2003 5 1 6.750000e+00 7.317020e+05 
2003 5 2 7.250000e+00 7.317030e+05 
2003 5 3 7.750000e+00 7.317040e+05 
2003 5 4 7.250000e+00 7.317050e+05 
2003 5 5 6.700000e+00 7.317060e+05 
2003 5 6 6.050000e+00 7.317070e+05 
2003 5 7 5.530000e+00 7.317080e+05 
2003 5 8 5.230000e+00 7.317090e+05 
2003 5 9 4.800000e+00 7.317100e+05 
2003 5 10 4.670000e+00 7.317110e+05 
2003 5 11 4.960000e+00 7.317120e+05 
2003 5 12 5.600000e+00 7.317130e+05 
2003 5 13 5.950000e+00 7.317140e+05 
2003 5 14 5.990000e+00 7.317150e+05 
2003 5 15 6.200000e+00 7.317160e+05 
2003 5 16 5.180000e+00 7.317170e+05 
2003 5 17 4.470000e+00 7.317180e+05 
2003 5 18 4.070000e+00 7.317190e+05 
2003 5 19 3.780000e+00 7.317200e+05 
2003 5 20 3.640000e+00 7.317210e+05 
2003 5 21 3.740000e+00 7.317220e+05 
2003 5 22 4.600000e+00 7.317230e+05 
2003 5 23 6.980000e+00 7.317240e+05 
2003 5 24 1.050000e+01 7.317250e+05 
2003 5 25 1.060000e+01 7.317260e+05 
2003 5 26 7.010000e+00 7.317270e+05 
2003 5 27 5.650000e+00 7.317280e+05 
2003 5 28 6.050000e+00 7.317290e+05 
2003 5 29 6.290000e+00 7.317300e+05 
2003 5 30 5.550000e+00 7.317310e+05 
2003 5 31 5.240000e+00 7.317320e+05 
2003 6 1 5.090000e+00 7.317330e+05 
2003 6 2 5.060000e+00 7.317340e+05 
2003 6 3 4.620000e+00 7.317350e+05 
2003 6 4 4.430000e+00 7.317360e+05 
2003 6 5 4.890000e+00 7.317370e+05 
2003 6 6 5.670000e+00 7.317380e+05 
2003 6 7 6.000000e+00 7.317390e+05 
2003 6 8 5.570000e+00 7.317400e+05 
2003 6 9 4.900000e+00 7.317410e+05 
2003 6 10 4.570000e+00 7.317420e+05 
2003 6 11 4.120000e+00 7.317430e+05 
2003 6 12 3.850000e+00 7.317440e+05 
2003 6 13 4.010000e+00 7.317450e+05 
2003 6 14 4.030000e+00 7.317460e+05 
2003 6 15 3.890000e+00 7.317470e+05 
2003 6 16 3.400000e+00 7.317480e+05 
2003 6 17 3.130000e+00 7.317490e+05 
2003 6 18 3.280000e+00 7.317500e+05 
2003 6 19 3.150000e+00 7.317510e+05 
2003 6 20 2.780000e+00 7.317520e+05 
2003 6 21 2.500000e+00 7.317530e+05 
2003 6 22 2.360000e+00 7.317540e+05 
2003 6 23 2.150000e+00 7.317550e+05 
2003 6 24 1.970000e+00 7.317560e+05 
2003 6 25 1.830000e+00 7.317570e+05 
2003 6 26 1.930000e+00 7.317580e+05 
2003 6 27 2.260000e+00 7.317590e+05 
2003 6 28 2.160000e+00 7.317600e+05 
2003 6 29 2.090000e+00 7.317610e+05 
2003 6 30 2.320000e+00 7.317620e+05 
2003 7 1 2.120000e+00 7.317630e+05 
2003 7 2 1.800000e+00 7.317640e+05 
2003 7 3 1.500000e+00 7.317650e+05 
2003 7 4 1.310000e+00 7.317660e+05 
2003 7 5 1.190000e+00 7.317670e+05 
2003 7 6 1.110000e+00 7.317680e+05 
2003 7 7 1.050000e+00 7.317690e+05 
2003 7 8 1.140000e+00 7.317700e+05 
2003 7 9 1.170000e+00 7.317710e+05 
2003 7 10 1.130000e+00 7.317720e+05 
2003 7 11 1.100000e+00 7.317730e+05 
2003 7 12 1.120000e+00 7.317740e+05 
2003 7 13 1.270000e+00 7.317750e+05 
2003 7 14 2.200000e+00 7.317760e+05 
2003 7 15 2.640000e+00 7.317770e+05 
2003 7 16 2.120000e+00 7.317780e+05 
2003 7 17 1.620000e+00 7.317790e+05 
2003 7 18 1.310000e+00 7.317800e+05 
2003 7 19 1.160000e+00 7.317810e+05 
2003 7 20 1.060000e+00 7.317820e+05 
2003 7 21 1.020000e+00 7.317830e+05 
2003 7 22 1.140000e+00 7.317840e+05 
2003 7 23 1.080000e+00 7.317850e+05 
2003 7 24 1.060000e+00 7.317860e+05 
2003 7 25 1.080000e+00 7.317870e+05 
2003 7 26 1.170000e+00 7.317880e+05 
2003 7 27 1.190000e+00 7.317890e+05 
2003 7 28 1.140000e+00 7.317900e+05 
2003 7 29 1.110000e+00 7.317910e+05 
2003 7 30 1.080000e+00 7.317920e+05 
2003 7 31 1.210000e+00 7.317930e+05 
2003 8 1 1.280000e+00 7.317940e+05 
2003 8 2 1.240000e+00 7.317950e+05 
2003 8 3 1.230000e+00 7.317960e+05 
2003 8 4 1.210000e+00 7.317970e+05 
2003 8 5 1.180000e+00 7.317980e+05 
2003 8 6 1.200000e+00 7.317990e+05 
2003 8 7 1.150000e+00 7.318000e+05 
2003 8 8 1.170000e+00 7.318010e+05 
2003 8 9 1.290000e+00 7.318020e+05 
2003 8 10 1.320000e+00 7.318030e+05 
2003 8 11 1.380000e+00 7.318040e+05 
2003 8 12 1.570000e+00 7.318050e+05 
2003 8 13 1.450000e+00 7.318060e+05 
2003 8 14 1.350000e+00 7.318070e+05 
2003 8 15 1.270000e+00 7.318080e+05 
2003 8 16 1.200000e+00 7.318090e+05 
2003 8 17 1.170000e+00 7.318100e+05 
2003 8 18 1.140000e+00 7.318110e+05 
2003 8 19 1.230000e+00 7.318120e+05 
2003 8 20 1.210000e+00 7.318130e+05 
2003 8 21 1.190000e+00 7.318140e+05 
2003 8 22 1.200000e+00 7.318150e+05 
2003 8 23 1.190000e+00 7.318160e+05 
2003 8 24 1.200000e+00 7.318170e+05 
2003 8 25 1.200000e+00 7.318180e+05 
2003 8 26 1.180000e+00 7.318190e+05 
2003 8 27 1.140000e+00 7.318200e+05 
2003 8 28 1.110000e+00 7.318210e+05 
2003 8 29 1.100000e+00 7.318220e+05 
2003 8 30 1.120000e+00 7.318230e+05 
2003 8 31 1.130000e+00 7.318240e+05 
2003 9 1 1.110000e+00 7.318250e+05 
2003 9 2 1.070000e+00 7.318260e+05 
2003 9 3 1.070000e+00 7.318270e+05 
2003 9 4 1.120000e+00 7.318280e+05 
2003 9 5 1.110000e+00 7.318290e+05 
2003 9 6 1.260000e+00 7.318300e+05 
2003 9 7 1.550000e+00 7.318310e+05 
2003 9 8 1.420000e+00 7.318320e+05 
2003 9 9 1.390000e+00 7.318330e+05 
2003 9 10 1.460000e+00 7.318340e+05 
2003 9 11 1.500000e+00 7.318350e+05 
2003 9 12 1.520000e+00 7.318360e+05 
2003 9 13 1.670000e+00 7.318370e+05 
2003 9 14 1.760000e+00 7.318380e+05 
2003 9 15 1.700000e+00 7.318390e+05 
2003 9 16 1.690000e+00 7.318400e+05 
2003 9 17 1.660000e+00 7.318410e+05 
2003 9 18 1.780000e+00 7.318420e+05 
2003 9 19 2.060000e+00 7.318430e+05 
2003 9 20 2.060000e+00 7.318440e+05 
2003 9 21 1.920000e+00 7.318450e+05 
2003 9 22 1.820000e+00 7.318460e+05 
2003 9 23 1.730000e+00 7.318470e+05 
2003 9 24 1.760000e+00 7.318480e+05 
2003 9 25 1.740000e+00 7.318490e+05 
2003 9 26 1.680000e+00 7.318500e+05 
2003 9 27 1.720000e+00 7.318510e+05 
2003 9 28 1.650000e+00 7.318520e+05 
2003 9 29 1.570000e+00 7.318530e+05 
2003 9 30 1.620000e+00 7.318540e+05 
2003 10 1 1.600000e+00 7.318550e+05 
2003 10 2 1.500000e+00 7.318560e+05 
2003 10 3 1.390000e+00 7.318570e+05 
2003 10 4 1.260000e+00 7.318580e+05 
2003 10 5 1.200000e+00 7.318590e+05 
2003 10 6 1.490000e+00 7.318600e+05 
2003 10 7 2.710000e+00 7.318610e+05 
2003 10 8 4.360000e+00 7.318620e+05 
2003 10 9 7.070000e+00 7.318630e+05 
2003 10 10 4.260000e+00 7.318640e+05 
2003 10 11 3.320000e+00 7.318650e+05 
2003 10 12 4.510000e+01 7.318660e+05 
2003 10 13 1.970000e+01 7.318670e+05 
2003 10 14 1.000000e+01 7.318680e+05 
2003 10 15 7.070000e+00 7.318690e+05 
2003 10 16 7.690000e+01 7.318700e+05 
2003 10 17 1.640000e+02 7.318710e+05 
2003 10 18 2.100000e+02 7.318720e+05 
2003 10 19 1.150000e+02 7.318730e+05 
2003 10 20 1.000000e+02 7.318740e+05 
2003 10 21 6.390000e+01 7.318750e+05 
2003 10 22 3.400000e+01 7.318760e+05 
2003 10 23 2.810000e+01 7.318770e+05 
2003 10 24 1.860000e+01 7.318780e+05 
2003 10 25 1.430000e+01 7.318790e+05 
2003 10 26 1.150000e+01 7.318800e+05 
2003 10 27 9.580000e+00 7.318810e+05 
2003 10 28 8.010000e+00 7.318820e+05 
2003 10 29 6.820000e+00 7.318830e+05 
2003 10 30 5.800000e+00 7.318840e+05 
2003 10 31 5.050000e+00 7.318850e+05 
2003 11 1 4.490000e+00 7.318860e+05 
2003 11 2 3.990000e+00 7.318870e+05 
2003 11 3 3.620000e+00 7.318880e+05 
2003 11 4 3.330000e+00 7.318890e+05 
2003 11 5 2.980000e+00 7.318900e+05 
2003 11 6 2.730000e+00 7.318910e+05 
2003 11 7 2.580000e+00 7.318920e+05 
2003 11 8 2.430000e+00 7.318930e+05 
2003 11 9 2.370000e+00 7.318940e+05 
2003 11 10 2.260000e+00 7.318950e+05 
2003 11 11 2.150000e+00 7.318960e+05 
2003 11 12 2.090000e+00 7.318970e+05 
2003 11 13 2.030000e+00 7.318980e+05 
2003 11 14 1.950000e+00 7.318990e+05 
2003 11 15 2.370000e+00 7.319000e+05 
2003 11 16 5.540000e+00 7.319010e+05 
2003 11 17 1.100000e+01 7.319020e+05 
2003 11 18 3.410000e+01 7.319030e+05 
2003 11 19 3.110000e+01 7.319040e+05 
2003 11 20 2.020000e+01 7.319050e+05 
2003 11 21 1.520000e+01 7.319060e+05 
2003 11 22 1.220000e+01 7.319070e+05 
2003 11 23 1.060000e+01 7.319080e+05 
2003 11 24 1.180000e+01 7.319090e+05 
2003 11 25 1.100000e+01 7.319100e+05 
2003 11 26 9.920000e+00 7.319110e+05 
2003 11 27 8.600000e+00 7.319120e+05 
2003 11 28 6.520000e+01 7.319130e+05 
2003 11 29 5.590000e+01 7.319140e+05 
2003 11 30 2.710000e+01 7.319150e+05 
2003 12 1 1.860000e+01 7.319160e+05 
2003 12 2 1.690000e+01 7.319170e+05 
2003 12 3 2.400000e+01 7.319180e+05 
2003 12 4 1.790000e+01 7.319190e+05 
2003 12 5 4.490000e+01 7.319200e+05 
2003 12 6 7.840000e+01 7.319210e+05 
2003 12 7 4.800000e+01 7.319220e+05 
2003 12 8 2.840000e+01 7.319230e+05 
2003 12 9 2.000000e+01 7.319240e+05 
2003 12 10 1.620000e+01 7.319250e+05 
2003 12 11 1.380000e+01 7.319260e+05 
2003 12 12 1.400000e+01 7.319270e+05 
2003 12 13 1.410000e+01 7.319280e+05 
2003 12 14 1.980000e+01 7.319290e+05 
2003 12 15 1.960000e+01 7.319300e+05 
2003 12 16 7.950000e+01 7.319310e+05 
2003 12 17 6.110000e+01 7.319320e+05 
2003 12 18 3.060000e+01 7.319330e+05 
2003 12 19 2.090000e+01 7.319340e+05 
2003 12 20 2.270000e+01 7.319350e+05 
2003 12 21 2.290000e+01 7.319360e+05 
2003 12 22 1.840000e+01 7.319370e+05 
2003 12 23 1.670000e+01 7.319380e+05 
2003 12 24 3.400000e+01 7.319390e+05 
2003 12 25 3.210000e+01 7.319400e+05 
2003 12 26 2.120000e+01 7.319410e+05 
2003 12 27 1.730000e+01 7.319420e+05 
2003 12 28 1.470000e+01 7.319430e+05 
2003 12 29 1.260000e+01 7.319440e+05 
2003 12 30 1.100000e+01 7.319450e+05 
2003 12 31 9.860000e+00 7.319460e+05 
2004 1 1 8.750000e+00 7.319470e+05 
2004 1 2 8.076923e+00 7.319480e+05 
2004 1 3 7.500000e+00 7.319490e+05 
2004 1 4 5.865385e+00 7.319500e+05 
2004 1 5 5.865385e+00 7.319510e+05 
2004 1 6 7.596154e+00 7.319520e+05 
2004 1 7 2.086538e+01 7.319530e+05 
2004 1 8 4.105769e+01 7.319540e+05 
2004 1 9 5.903846e+01 7.319550e+05 
2004 1 10 5.173077e+01 7.319560e+05 
2004 1 11 3.836539e+01 7.319570e+05 
2004 1 12 6.432692e+01 7.319580e+05 
2004 1 13 1.024039e+02 7.319590e+05 
2004 1 14 1.043269e+02 7.319600e+05 
2004 1 15 5.788461e+01 7.319610e+05 
2004 1 16 3.182692e+01 7.319620e+05 
2004 1 17 2.413462e+01 7.319630e+05 
2004 1 18 2.221154e+01 7.319640e+05 
2004 1 19 2.076923e+01 7.319650e+05 
2004 1 20 1.798077e+01 7.319660e+05 
2004 1 21 1.567308e+01 7.319670e+05 
2004 1 22 1.413462e+01 7.319680e+05 
2004 1 23 1.346154e+01 7.319690e+05 
2004 1 24 1.288462e+01 7.319700e+05 
2004 1 25 1.192308e+01 7.319710e+05 
2004 1 26 1.288462e+01 7.319720e+05 
2004 1 27 1.625000e+01 7.319730e+05 
2004 1 28 2.528846e+01 7.319740e+05 
2004 1 29 4.576923e+01 7.319750e+05 
2004 1 30 3.951923e+01 7.319760e+05 
2004 1 31 2.875000e+01 7.319770e+05 
2004 2 1 2.096154e+01 7.319780e+05 
2004 2 2 1.807692e+01 7.319790e+05 
2004 2 3 1.461538e+01 7.319800e+05 
2004 2 4 1.461538e+01 7.319810e+05 
2004 2 5 1.884615e+01 7.319820e+05 
2004 2 6 2.375000e+01 7.319830e+05 
2004 2 7 2.201923e+01 7.319840e+05 
2004 2 8 1.778846e+01 7.319850e+05 
2004 2 9 1.538462e+01 7.319860e+05 
2004 2 10 1.259615e+01 7.319870e+05 
2004 2 11 1.105769e+01 7.319880e+05 
2004 2 12 1.009615e+01 7.319890e+05 
2004 2 13 1.134615e+01 7.319900e+05 
2004 2 14 1.269231e+01 7.319910e+05 
2004 2 15 1.557692e+01 7.319920e+05 
2004 2 16 2.615385e+01 7.319930e+05 
2004 2 17 2.730769e+01 7.319940e+05 
2004 2 18 2.403846e+01 7.319950e+05 
2004 2 19 1.884615e+01 7.319960e+05 
2004 2 20 1.557692e+01 7.319970e+05 
2004 2 21 1.307692e+01 7.319980e+05 
2004 2 22 1.125000e+01 7.319990e+05 
2004 2 23 1.125000e+01 7.320000e+05 
2004 2 24 1.346154e+01 7.320010e+05 
2004 2 25 1.346154e+01 7.320020e+05 
2004 2 26 1.278846e+01 7.320030e+05 
2004 2 27 1.211538e+01 7.320040e+05 
2004 2 28 1.153846e+01 7.320050e+05 
2004 2 29 1.057692e+01 7.320060e+05 
2004 3 1 9.615385e+00 7.320070e+05 
2004 3 2 8.076923e+00 7.320080e+05 
2004 3 3 8.076923e+00 7.320090e+05 
2004 3 4 8.076923e+00 7.320100e+05 
2004 3 5 8.653846e+00 7.320110e+05 
2004 3 6 1.173077e+01 7.320120e+05 
2004 3 7 1.576923e+01 7.320130e+05 
2004 3 8 1.913462e+01 7.320140e+05 
2004 3 9 1.778846e+01 7.320150e+05 
2004 3 10 1.471154e+01 7.320160e+05 
2004 3 11 1.211538e+01 7.320170e+05 
2004 3 12 1.048077e+01 7.320180e+05 
2004 3 13 9.519231e+00 7.320190e+05 
2004 3 14 8.750000e+00 7.320200e+05 
2004 3 15 8.269231e+00 7.320210e+05 
2004 3 16 9.038462e+00 7.320220e+05 
2004 3 17 1.153846e+01 7.320230e+05 
2004 3 18 1.278846e+01 7.320240e+05 
2004 3 19 1.182692e+01 7.320250e+05 
2004 3 20 1.086538e+01 7.320260e+05 
2004 3 21 1.028846e+01 7.320270e+05 
2004 3 22 1.317308e+01 7.320280e+05 
2004 3 23 1.865385e+01 7.320290e+05 
2004 3 24 2.500000e+01 7.320300e+05 
2004 3 25 3.163462e+01 7.320310e+05 
2004 3 26 2.788462e+01 7.320320e+05 
2004 3 27 2.153846e+01 7.320330e+05 
2004 3 28 1.682692e+01 7.320340e+05 
2004 3 29 1.730769e+01 7.320350e+05 
2004 3 30 1.596154e+01 7.320360e+05 
2004 3 31 1.403846e+01 7.320370e+05 
2004 4 1 1.144231e+01 7.320380e+05 
2004 4 2 9.807692e+00 7.320390e+05 
2004 4 3 9.423077e+00 7.320400e+05 
2004 4 4 8.750000e+00 7.320410e+05 
2004 4 5 8.750000e+00 7.320420e+05 
2004 4 6 8.750000e+00 7.320430e+05 
2004 4 7 8.750000e+00 7.320440e+05 
2004 4 8 8.750000e+00 7.320450e+05 
2004 4 9 9.711538e+00 7.320460e+05 
2004 4 10 1.125000e+01 7.320470e+05 
2004 4 11 1.259615e+01 7.320480e+05 
2004 4 12 1.211538e+01 7.320490e+05 
2004 4 13 1.211538e+01 7.320500e+05 
2004 4 14 1.211538e+01 7.320510e+05 
2004 4 15 1.144231e+01 7.320520e+05 
2004 4 16 1.009615e+01 7.320530e+05 
2004 4 17 9.519231e+00 7.320540e+05 
2004 4 18 8.269231e+00 7.320550e+05 
2004 4 19 9.711538e+00 7.320560e+05 
2004 4 20 1.134615e+01 7.320570e+05 
2004 4 21 1.038462e+01 7.320580e+05 
2004 4 22 1.009615e+01 7.320590e+05 
2004 4 23 9.423077e+00 7.320600e+05 
2004 4 24 8.846154e+00 7.320610e+05 
2004 4 25 9.134615e+00 7.320620e+05 
2004 4 26 1.057692e+01 7.320630e+05 
2004 4 27 1.000000e+01 7.320640e+05 
2004 4 28 9.038462e+00 7.320650e+05 
2004 4 29 8.750000e+00 7.320660e+05 
2004 4 30 1.067308e+01 7.320670e+05 
2004 5 1 1.201923e+01 7.320680e+05 
2004 5 2 1.125000e+01 7.320690e+05 
2004 5 3 1.028846e+01 7.320700e+05 
2004 5 4 9.230769e+00 7.320710e+05 
2004 5 5 7.307692e+00 7.320720e+05 
2004 5 6 6.057692e+00 7.320730e+05 
2004 5 7 6.057692e+00 7.320740e+05 
2004 5 8 6.057692e+00 7.320750e+05 
2004 5 9 6.057692e+00 7.320760e+05 
2004 5 10 6.057692e+00 7.320770e+05 
2004 5 11 6.057692e+00 7.320780e+05 
2004 5 12 6.057692e+00 7.320790e+05 
2004 5 13 6.057692e+00 7.320800e+05 
2004 5 14 5.769231e+00 7.320810e+05 
2004 5 15 5.384615e+00 7.320820e+05 
2004 5 16 5.576923e+00 7.320830e+05 
2004 5 17 6.057692e+00 7.320840e+05 
2004 5 18 6.730769e+00 7.320850e+05 
2004 5 19 6.730769e+00 7.320860e+05 
2004 5 20 7.403846e+00 7.320870e+05 
2004 5 21 6.442308e+00 7.320880e+05 
2004 5 22 6.057692e+00 7.320890e+05 
2004 5 23 5.000000e+00 7.320900e+05 
2004 5 24 4.519231e+00 7.320910e+05 
2004 5 25 5.384615e+00 7.320920e+05 
2004 5 26 5.384615e+00 7.320930e+05 
2004 5 27 5.384615e+00 7.320940e+05 
2004 5 28 4.134615e+00 7.320950e+05 
2004 5 29 3.365385e+00 7.320960e+05 
2004 5 30 3.365385e+00 7.320970e+05 
2004 5 31 3.365385e+00 7.320980e+05 
2004 6 1 2.692308e+00 7.320990e+05 
2004 6 2 2.692308e+00 7.321000e+05 
2004 6 3 2.692308e+00 7.321010e+05 
2004 6 4 3.365385e+00 7.321020e+05 
2004 6 5 3.365385e+00 7.321030e+05 
2004 6 6 3.846154e+00 7.321040e+05 
2004 6 7 3.365385e+00 7.321050e+05 
2004 6 8 3.365385e+00 7.321060e+05 
2004 6 9 3.365385e+00 7.321070e+05 
2004 6 10 3.365385e+00 7.321080e+05 
2004 6 11 2.980769e+00 7.321090e+05 
2004 6 12 3.942308e+00 7.321100e+05 
2004 6 13 3.846154e+00 7.321110e+05 
2004 6 14 2.884615e+00 7.321120e+05 
2004 6 15 2.596154e+00 7.321130e+05 
2004 6 16 2.019231e+00 7.321140e+05 
2004 6 17 2.019231e+00 7.321150e+05 
2004 6 18 2.403846e+00 7.321160e+05 
2004 6 19 2.019231e+00 7.321170e+05 
2004 6 20 2.019231e+00 7.321180e+05 
2004 6 21 2.019231e+00 7.321190e+05 
2004 6 22 2.019231e+00 7.321200e+05 
2004 6 23 2.019231e+00 7.321210e+05 
2004 6 24 2.019231e+00 7.321220e+05 
2004 6 25 1.730769e+00 7.321230e+05 
2004 6 26 1.346154e+00 7.321240e+05 
2004 6 27 1.346154e+00 7.321250e+05 
2004 6 28 1.346154e+00 7.321260e+05 
2004 6 29 1.346154e+00 7.321270e+05 
2004 6 30 1.730769e+00 7.321280e+05 
2004 7 1 2.019231e+00 7.321290e+05 
2004 7 2 2.019231e+00 7.321300e+05 
2004 7 3 2.019231e+00 7.321310e+05 
2004 7 4 1.346154e+00 7.321320e+05 
2004 7 5 1.346154e+00 7.321330e+05 
2004 7 6 1.346154e+00 7.321340e+05 
2004 7 7 1.730769e+00 7.321350e+05 
2004 7 8 2.019231e+00 7.321360e+05 
2004 7 9 2.019231e+00 7.321370e+05 
2004 7 10 2.019231e+00 7.321380e+05 
2004 7 11 1.826923e+00 7.321390e+05 
2004 7 12 1.346154e+00 7.321400e+05 
2004 7 13 1.346154e+00 7.321410e+05 
2004 7 14 1.346154e+00 7.321420e+05 
2004 7 15 1.346154e+00 7.321430e+05 
2004 7 16 1.346154e+00 7.321440e+05 
2004 7 17 1.346154e+00 7.321450e+05 
2004 7 18 1.346154e+00 7.321460e+05 
2004 7 19 1.346154e+00 7.321470e+05 
2004 7 20 1.346154e+00 7.321480e+05 
2004 7 21 1.346154e+00 7.321490e+05 
2004 7 22 1.346154e+00 7.321500e+05 
2004 7 23 2.019231e+00 7.321510e+05 
2004 7 24 2.019231e+00 7.321520e+05 
2004 7 25 1.826923e+00 7.321530e+05 
2004 7 26 1.346154e+00 7.321540e+05 
2004 7 27 1.346154e+00 7.321550e+05 
2004 7 28 1.346154e+00 7.321560e+05 
2004 7 29 1.346154e+00 7.321570e+05 
2004 7 30 1.346154e+00 7.321580e+05 
2004 7 31 1.346154e+00 7.321590e+05 
2004 8 1 1.346154e+00 7.321600e+05 
2004 8 2 1.346154e+00 7.321610e+05 
2004 8 3 1.346154e+00 7.321620e+05 
2004 8 4 1.730769e+00 7.321630e+05 
2004 8 5 2.019231e+00 7.321640e+05 
2004 8 6 2.019231e+00 7.321650e+05 
2004 8 7 2.019231e+00 7.321660e+05 
2004 8 8 1.346154e+00 7.321670e+05 
2004 8 9 1.346154e+00 7.321680e+05 
2004 8 10 1.346154e+00 7.321690e+05 
2004 8 11 1.346154e+00 7.321700e+05 
2004 8 12 1.346154e+00 7.321710e+05 
2004 8 13 1.346154e+00 7.321720e+05 
2004 8 14 1.346154e+00 7.321730e+05 
2004 8 15 1.346154e+00 7.321740e+05 
2004 8 16 1.346154e+00 7.321750e+05 
2004 8 17 1.346154e+00 7.321760e+05 
2004 8 18 1.346154e+00 7.321770e+05 
2004 8 19 1.346154e+00 7.321780e+05 
2004 8 20 1.346154e+00 7.321790e+05 
2004 8 21 1.346154e+00 7.321800e+05 
2004 8 22 1.346154e+00 7.321810e+05 
2004 8 23 1.346154e+00 7.321820e+05 
2004 8 24 1.442308e+00 7.321830e+05 
2004 8 25 2.019231e+00 7.321840e+05 
2004 8 26 2.019231e+00 7.321850e+05 
2004 8 27 1.346154e+00 7.321860e+05 
2004 8 28 1.346154e+00 7.321870e+05 
2004 8 29 1.346154e+00 7.321880e+05 
2004 8 30 1.346154e+00 7.321890e+05 
2004 8 31 1.346154e+00 7.321900e+05 
2004 9 1 1.346154e+00 7.321910e+05 
2004 9 2 1.346154e+00 7.321920e+05 
2004 9 3 1.346154e+00 7.321930e+05 
2004 9 4 1.346154e+00 7.321940e+05 
2004 9 5 6.730769e-01 7.321950e+05 
2004 9 6 6.730769e-01 7.321960e+05 
2004 9 7 6.730769e-01 7.321970e+05 
2004 9 8 6.730769e-01 7.321980e+05 
2004 9 9 2.019231e+00 7.321990e+05 
2004 9 10 3.750000e+00 7.322000e+05 
2004 9 11 3.365385e+00 7.322010e+05 
2004 9 12 1.923077e+00 7.322020e+05 
2004 9 13 0.000000e+00 7.322030e+05 
2004 9 14 3.846154e-01 7.322040e+05 
2004 9 15 3.461539e+00 7.322050e+05 
2004 9 16 6.057692e+00 7.322060e+05 
2004 9 17 8.365385e+00 7.322070e+05 
2004 9 18 9.326923e+00 7.322080e+05 
2004 9 19 6.634615e+00 7.322090e+05 
2004 9 20 3.750000e+00 7.322100e+05 
2004 9 21 3.269231e+00 7.322110e+05 
2004 9 22 2.307692e+00 7.322120e+05 
2004 9 23 2.019231e+00 7.322130e+05 
2004 9 24 1.730769e+00 7.322140e+05 
2004 9 25 1.346154e+00 7.322150e+05 
2004 9 26 1.346154e+00 7.322160e+05 
2004 9 27 1.346154e+00 7.322170e+05 
2004 9 28 1.442308e+00 7.322180e+05 
2004 9 29 1.634615e+00 7.322190e+05 
2004 9 30 1.346154e+00 7.322200e+05 
2004 10 1 1.346154e+00 7.322210e+05 
2004 10 2 1.346154e+00 7.322220e+05 
2004 10 3 1.346154e+00 7.322230e+05 
2004 10 4 1.826923e+00 7.322240e+05 
2004 10 5 2.211539e+00 7.322250e+05 
2004 10 6 4.903846e+00 7.322260e+05 
2004 10 7 1.144231e+01 7.322270e+05 
2004 10 8 1.519231e+01 7.322280e+05 
2004 10 9 1.365385e+01 7.322290e+05 
2004 10 10 9.807692e+00 7.322300e+05 
2004 10 11 6.442308e+00 7.322310e+05 
2004 10 12 5.288462e+00 7.322320e+05 
2004 10 13 4.326923e+00 7.322330e+05 
2004 10 14 4.038462e+00 7.322340e+05 
2004 10 15 3.365385e+00 7.322350e+05 
2004 10 16 4.519231e+00 7.322360e+05 
2004 10 17 8.557692e+00 7.322370e+05 
2004 10 18 1.336538e+01 7.322380e+05 
2004 10 19 1.509615e+01 7.322390e+05 
2004 10 20 1.125000e+01 7.322400e+05 
2004 10 21 8.750000e+00 7.322410e+05 
2004 10 22 8.365385e+00 7.322420e+05 
2004 10 23 1.336538e+01 7.322430e+05 
2004 10 24 2.134615e+01 7.322440e+05 
2004 10 25 2.278846e+01 7.322450e+05 
2004 10 26 1.759615e+01 7.322460e+05 
2004 10 27 1.259615e+01 7.322470e+05 
2004 10 28 1.548077e+01 7.322480e+05 
2004 10 29 1.942308e+01 7.322490e+05 
2004 10 30 1.461538e+01 7.322500e+05 
2004 10 31 2.682692e+01 7.322510e+05 
2004 11 1 3.211539e+01 7.322520e+05 
2004 11 2 2.269231e+01 7.322530e+05 
2004 11 3 7.500000e+00 7.322540e+05 
2004 11 4 1.346154e+01 7.322550e+05 
2004 11 5 1.153846e+01 7.322560e+05 
2004 11 6 1.683007e+01 7.322570e+05 
2004 11 7 1.802413e+01 7.322580e+05 
2004 11 8 1.538462e+01 7.322590e+05 
2004 11 9 1.153846e+01 7.322600e+05 
2004 11 10 9.615385e+00 7.322610e+05 
2004 11 11 7.692308e+00 7.322620e+05 
2004 11 12 5.769231e+00 7.322630e+05 
2004 11 13 1.278280e+01 7.322640e+05 
2004 11 14 5.006285e+01 7.322650e+05 
2004 11 15 3.865008e+01 7.322660e+05 
2004 11 16 2.884615e+01 7.322670e+05 
2004 11 17 3.269231e+01 7.322680e+05 
2004 11 18 2.976370e+01 7.322690e+05 
2004 11 19 1.870287e+01 7.322700e+05 
2004 11 20 1.343640e+01 7.322710e+05 
2004 11 21 1.153846e+01 7.322720e+05 
2004 11 22 1.153846e+01 7.322730e+05 
2004 11 23 1.469331e+01 7.322740e+05 
2004 11 24 1.538462e+01 7.322750e+05 
2004 11 25 1.270739e+01 7.322760e+05 
2004 11 26 9.615385e+00 7.322770e+05 
2004 11 27 7.692308e+00 7.322780e+05 
2004 11 28 7.692308e+00 7.322790e+05 
2004 11 29 7.692308e+00 7.322800e+05 
2004 11 30 5.769231e+00 7.322810e+05 
2004 12 1 7.013575e+00 7.322820e+05 
2004 12 2 1.639015e+01 7.322830e+05 
2004 12 3 1.730769e+01 7.322840e+05 
2004 12 4 1.346154e+01 7.322850e+05 
2004 12 5 1.211664e+01 7.322860e+05 
2004 12 6 2.125440e+01 7.322870e+05 
2004 12 7 6.640272e+01 7.322880e+05 
2004 12 8 1.104701e+02 7.322890e+05 
2004 12 9 8.861237e+01 7.322900e+05 
2004 12 10 4.004525e+01 7.322910e+05 
2004 12 11 4.776270e+01 7.322920e+05 
2004 12 12 5.553042e+01 7.322930e+05 
2004 12 13 3.208899e+01 7.322940e+05 
2004 12 14 2.109100e+01 7.322950e+05 
2004 12 15 1.923077e+01 7.322960e+05 
2004 12 16 1.772247e+01 7.322970e+05 
2004 12 17 1.603821e+01 7.322980e+05 
2004 12 18 1.243087e+01 7.322990e+05 
2004 12 19 9.615385e+00 7.323000e+05 
2004 12 20 9.615385e+00 7.323010e+05 
2004 12 21 7.692308e+00 7.323020e+05 
2004 12 22 7.692308e+00 7.323030e+05 
2004 12 23 7.692308e+00 7.323040e+05 
2004 12 24 9.615385e+00 7.323050e+05 
2004 12 25 7.692308e+00 7.323060e+05 
2004 12 26 7.692308e+00 7.323070e+05 
2004 12 27 9.615385e+00 7.323080e+05 
2004 12 28 1.097285e+01 7.323090e+05 
2004 12 29 9.615385e+00 7.323100e+05 
2004 12 30 9.527401e+00 7.323110e+05 
2004 12 31 7.692308e+00 7.323120e+05 
2005 1 1 6.158874e+00 7.323130e+05 
2005 1 2 5.769231e+00 7.323140e+05 
2005 1 3 5.769231e+00 7.323150e+05 
2005 1 4 5.769231e+00 7.323160e+05 
2005 1 5 5.769231e+00 7.323170e+05 
2005 1 6 3.846154e+00 7.323180e+05 
2005 1 7 3.846154e+00 7.323190e+05 
2005 1 8 3.846154e+00 7.323200e+05 
2005 1 9 3.846154e+00 7.323210e+05 
2005 1 10 3.846154e+00 7.323220e+05 
2005 1 11 3.846154e+00 7.323230e+05 
2005 1 12 1.542232e+01 7.323240e+05 
2005 1 13 5.842132e+01 7.323250e+05 
2005 1 14 1.583082e+02 7.323260e+05 
2005 1 15 2.425339e+02 7.323270e+05 
2005 1 16 1.576546e+02 7.323280e+05 
2005 1 17 1.019231e+02 7.323290e+05 
2005 1 18 1.140649e+02 7.323300e+05 
2005 1 19 9.435646e+01 7.323310e+05 
2005 1 20 5.816994e+01 7.323320e+05 
2005 1 21 3.604827e+01 7.323330e+05 
2005 1 22 2.655857e+01 7.323340e+05 
2005 1 23 2.295123e+01 7.323350e+05 
2005 1 24 1.934389e+01 7.323360e+05 
2005 1 25 1.730769e+01 7.323370e+05 
2005 1 26 1.730769e+01 7.323380e+05 
2005 1 27 1.923077e+01 7.323390e+05 
2005 1 28 1.730769e+01 7.323400e+05 
2005 1 29 1.538462e+01 7.323410e+05 
2005 1 30 1.538462e+01 7.323420e+05 
2005 1 31 1.538462e+01 7.323430e+05 
2005 2 1 1.538462e+01 7.323440e+05 
2005 2 2 1.538462e+01 7.323450e+05 
2005 2 3 1.346154e+01 7.323460e+05 
2005 2 4 1.235545e+01 7.323470e+05 
2005 2 5 1.153846e+01 7.323480e+05 
2005 2 6 1.153846e+01 7.323490e+05 
2005 2 7 1.153846e+01 7.323500e+05 
2005 2 8 1.153846e+01 7.323510e+05 
2005 2 9 9.703368e+00 7.323520e+05 
2005 2 10 9.615385e+00 7.323530e+05 
2005 2 11 9.615385e+00 7.323540e+05 
2005 2 12 9.615385e+00 7.323550e+05 
2005 2 13 7.692308e+00 7.323560e+05 
2005 2 14 7.692308e+00 7.323570e+05 
2005 2 15 7.692308e+00 7.323580e+05 
2005 2 16 7.692308e+00 7.323590e+05 
2005 2 17 7.692308e+00 7.323600e+05 
2005 2 18 7.692308e+00 7.323610e+05 
2005 2 19 7.692308e+00 7.323620e+05 
2005 2 20 7.692308e+00 7.323630e+05 
2005 2 21 7.692308e+00 7.323640e+05 
2005 2 22 8.345902e+00 7.323650e+05 
2005 2 23 1.153846e+01 7.323660e+05 
2005 2 24 1.328557e+01 7.323670e+05 
2005 2 25 9.678230e+00 7.323680e+05 
2005 2 26 9.615385e+00 7.323690e+05 
2005 2 27 9.615385e+00 7.323700e+05 
2005 2 28 9.615385e+00 7.323710e+05 
2005 3 1 9.615385e+00 7.323720e+05 
2005 3 2 1.412770e+01 7.323730e+05 
2005 3 3 1.303419e+01 7.323740e+05 
2005 3 4 1.153846e+01 7.323750e+05 
2005 3 5 9.615385e+00 7.323760e+05 
2005 3 6 9.615385e+00 7.323770e+05 
2005 3 7 7.692308e+00 7.323780e+05 
2005 3 8 7.692308e+00 7.323790e+05 
2005 3 9 7.692308e+00 7.323800e+05 
2005 3 10 7.692308e+00 7.323810e+05 
2005 3 11 7.692308e+00 7.323820e+05 
2005 3 12 1.173957e+01 7.323830e+05 
2005 3 13 1.726998e+01 7.323840e+05 
2005 3 14 1.758421e+01 7.323850e+05 
2005 3 15 1.397687e+01 7.323860e+05 
2005 3 16 1.229261e+01 7.323870e+05 
2005 3 17 1.153846e+01 7.323880e+05 
2005 3 18 2.707391e+01 7.323890e+05 
2005 3 19 3.891403e+01 7.323900e+05 
2005 3 20 3.418803e+01 7.323910e+05 
2005 3 21 2.502514e+01 7.323920e+05 
2005 3 22 1.923077e+01 7.323930e+05 
2005 3 23 2.349170e+01 7.323940e+05 
2005 3 24 6.049522e+01 7.323950e+05 
2005 3 25 4.622926e+01 7.323960e+05 
2005 3 26 3.198844e+01 7.323970e+05 
2005 3 27 2.645802e+01 7.323980e+05 
2005 3 28 2.873303e+01 7.323990e+05 
2005 3 29 4.617898e+01 7.324000e+05 
2005 3 30 3.511815e+01 7.324010e+05 
2005 3 31 2.549020e+01 7.324020e+05 
2005 4 1 1.995978e+01 7.324030e+05 
2005 4 2 2.018602e+01 7.324040e+05 
2005 4 3 2.115385e+01 7.324050e+05 
2005 4 4 1.875314e+01 7.324060e+05 
2005 4 5 1.730769e+01 7.324070e+05 
2005 4 6 4.765272e+01 7.324080e+05 
2005 4 7 3.554864e+01 7.324090e+05 
2005 4 8 2.712104e+01 7.324100e+05 
2005 4 9 1.999434e+01 7.324110e+05 
2005 4 10 1.863688e+01 7.324120e+05 
2005 4 11 2.208710e+01 7.324130e+05 
2005 4 12 1.923077e+01 7.324140e+05 
2005 4 13 1.778846e+01 7.324150e+05 
2005 4 14 1.682692e+01 7.324160e+05 
2005 4 15 2.680995e+01 7.324170e+05 
2005 4 16 5.825792e+01 7.324180e+05 
2005 4 17 4.490950e+01 7.324190e+05 
2005 4 18 3.164593e+01 7.324200e+05 
2005 4 19 2.310520e+01 7.324210e+05 
2005 4 20 2.019231e+01 7.324220e+05 
2005 4 21 2.106901e+01 7.324230e+05 
2005 4 22 2.307692e+01 7.324240e+05 
2005 4 23 2.299208e+01 7.324250e+05 
2005 4 24 2.146493e+01 7.324260e+05 
2005 4 25 1.971154e+01 7.324270e+05 
2005 4 26 1.875000e+01 7.324280e+05 
2005 4 27 1.832579e+01 7.324290e+05 
2005 4 28 1.679864e+01 7.324300e+05 
2005 4 29 1.382919e+01 7.324310e+05 
2005 4 30 1.250000e+01 7.324320e+05 
2005 5 1 1.201923e+01 7.324330e+05 
2005 5 2 1.298077e+01 7.324340e+05 
2005 5 3 1.346154e+01 7.324350e+05 
2005 5 4 1.250000e+01 7.324360e+05 
2005 5 5 1.250000e+01 7.324370e+05 
2005 5 6 1.153846e+01 7.324380e+05 
2005 5 7 1.105769e+01 7.324390e+05 
2005 5 8 1.009615e+01 7.324400e+05 
2005 5 9 9.615385e+00 7.324410e+05 
2005 5 10 9.615385e+00 7.324420e+05 
2005 5 11 1.009615e+01 7.324430e+05 
2005 5 12 9.615385e+00 7.324440e+05 
2005 5 13 9.134615e+00 7.324450e+05 
2005 5 14 8.653846e+00 7.324460e+05 
2005 5 15 1.057692e+01 7.324470e+05 
2005 5 16 1.009615e+01 7.324480e+05 
2005 5 17 9.332579e+00 7.324490e+05 
2005 5 18 1.170815e+01 7.324500e+05 
2005 5 19 3.308823e+01 7.324510e+05 
2005 5 20 3.175905e+01 7.324520e+05 
2005 5 21 2.423643e+01 7.324530e+05 
2005 5 22 5.132919e+01 7.324540e+05 
2005 5 23 6.558258e+01 7.324550e+05 
2005 5 24 4.018665e+01 7.324560e+05 
2005 5 25 2.446267e+01 7.324570e+05 
2005 5 26 1.826923e+01 7.324580e+05 
2005 5 27 1.529977e+01 7.324590e+05 
2005 5 28 1.377262e+01 7.324600e+05 
2005 5 29 1.250000e+01 7.324610e+05 
2005 5 30 1.153846e+01 7.324620e+05 
2005 5 31 1.105769e+01 7.324630e+05 
2005 6 1 1.057692e+01 7.324640e+05 
2005 6 2 1.057692e+01 7.324650e+05 
2005 6 3 1.009615e+01 7.324660e+05 
2005 6 4 9.134615e+00 7.324670e+05 
2005 6 5 8.653846e+00 7.324680e+05 
2005 6 6 8.173077e+00 7.324690e+05 
2005 6 7 7.692308e+00 7.324700e+05 
2005 6 8 7.692308e+00 7.324710e+05 
2005 6 9 7.692308e+00 7.324720e+05 
2005 6 10 7.211538e+00 7.324730e+05 
2005 6 11 7.211538e+00 7.324740e+05 
2005 6 12 7.692308e+00 7.324750e+05 
2005 6 13 7.692308e+00 7.324760e+05 
2005 6 14 8.653846e+00 7.324770e+05 
2005 6 15 8.173077e+00 7.324780e+05 
2005 6 16 7.692308e+00 7.324790e+05 
2005 6 17 7.692308e+00 7.324800e+05 
2005 6 18 8.653846e+00 7.324810e+05 
2005 6 19 8.173077e+00 7.324820e+05 
2005 6 20 7.692308e+00 7.324830e+05 
2005 6 21 7.692308e+00 7.324840e+05 
2005 6 22 9.021493e+00 7.324850e+05 
2005 6 23 8.201358e+00 7.324860e+05 
2005 6 24 7.211538e+00 7.324870e+05 
2005 6 25 6.730769e+00 7.324880e+05 
2005 6 26 6.730769e+00 7.324890e+05 
2005 6 27 6.250000e+00 7.324900e+05 
2005 6 28 5.769231e+00 7.324910e+05 
2005 7 1 9.615385e-01 7.324940e+05 
2005 7 2 9.615385e-01 7.324950e+05 
2005 7 3 9.615385e-01 7.324960e+05 
2005 7 4 9.615385e-01 7.324970e+05 
2005 7 5 1.923077e+00 7.324980e+05 
2005 7 6 1.923077e+00 7.324990e+05 
2005 7 7 1.923077e+00 7.325000e+05 
2005 7 8 2.960708e+00 7.325010e+05 
2005 7 9 3.209740e+00 7.325020e+05 
2005 7 10 2.884615e+00 7.325030e+05 
2005 7 11 2.089098e+00 7.325040e+05 
2005 7 12 1.923077e+00 7.325050e+05 
2005 7 13 1.923077e+00 7.325060e+05 
2005 7 14 1.923077e+00 7.325070e+05 
2005 7 15 1.923077e+00 7.325080e+05 
2005 7 16 1.923077e+00 7.325090e+05 
2005 7 17 1.923077e+00 7.325100e+05 
2005 7 18 1.051467e+00 7.325110e+05 
2005 7 19 9.615385e-01 7.325120e+05 
2005 7 20 9.615385e-01 7.325130e+05 
2005 7 21 9.615385e-01 7.325140e+05 
2005 7 22 9.615385e-01 7.325150e+05 
2005 7 23 9.615385e-01 7.325160e+05 
2005 7 24 9.615385e-01 7.325170e+05 
2005 7 25 9.615385e-01 7.325180e+05 
2005 7 26 9.615385e-01 7.325190e+05 
2005 7 27 9.615385e-01 7.325200e+05 
2005 7 28 9.615385e-01 7.325210e+05 
2005 7 29 9.615385e-01 7.325220e+05 
2005 7 30 9.615385e-01 7.325230e+05 
2005 7 31 9.615385e-01 7.325240e+05 
2005 8 1 9.615385e-01 7.325250e+05 
2005 8 2 9.615385e-01 7.325260e+05 
2005 8 3 9.615385e-01 7.325270e+05 
2005 8 4 9.615385e-01 7.325280e+05 
2005 8 5 1.342003e+00 7.325290e+05 
2005 8 6 1.923077e+00 7.325300e+05 
2005 8 7 1.923077e+00 7.325310e+05 
2005 8 8 1.923077e+00 7.325320e+05 
2005 8 9 1.923077e+00 7.325330e+05 
2005 8 10 1.923077e+00 7.325340e+05 
2005 8 11 1.923077e+00 7.325350e+05 
2005 8 12 1.923077e+00 7.325360e+05 
2005 8 13 1.923077e+00 7.325370e+05 
2005 8 14 1.923077e+00 7.325380e+05 
2005 8 15 1.923077e+00 7.325390e+05 
2005 8 16 1.923077e+00 7.325400e+05 
2005 8 17 1.923077e+00 7.325410e+05 
2005 8 18 1.923077e+00 7.325420e+05 
2005 8 19 1.923077e+00 7.325430e+05 
2005 8 20 1.923077e+00 7.325440e+05 
2005 8 21 1.923077e+00 7.325450e+05 
2005 8 22 1.923077e+00 7.325460e+05 
2005 8 23 1.923077e+00 7.325470e+05 
2005 8 24 1.923077e+00 7.325480e+05 
2005 8 25 1.923077e+00 7.325490e+05 
2005 8 26 1.923077e+00 7.325500e+05 
2005 8 27 1.923077e+00 7.325510e+05 
2005 8 28 1.923077e+00 7.325520e+05 
2005 8 29 1.923077e+00 7.325530e+05 
2005 8 30 1.923077e+00 7.325540e+05 
2005 8 31 1.923077e+00 7.325550e+05 
2005 9 1 1.923077e+00 7.325560e+05 
2005 9 2 1.923077e+00 7.325570e+05 
2005 9 3 1.923077e+00 7.325580e+05 
2005 9 4 1.923077e+00 7.325590e+05 
2005 9 5 1.923077e+00 7.325600e+05 
2005 9 6 1.923077e+00 7.325610e+05 
2005 9 7 1.923077e+00 7.325620e+05 
2005 9 8 1.923077e+00 7.325630e+05 
2005 9 9 1.923077e+00 7.325640e+05 
2005 9 10 1.923077e+00 7.325650e+05 
2005 9 11 1.923077e+00 7.325660e+05 
2005 9 12 1.923077e+00 7.325670e+05 
2005 9 13 1.923077e+00 7.325680e+05 
2005 9 14 1.923077e+00 7.325690e+05 
2005 9 15 1.923077e+00 7.325700e+05 
2005 9 16 1.923077e+00 7.325710e+05 
2005 9 17 1.923077e+00 7.325720e+05 
2005 9 18 1.923077e+00 7.325730e+05 
2005 9 19 1.923077e+00 7.325740e+05 
2005 9 20 1.729386e+00 7.325750e+05 
2005 9 21 9.615385e-01 7.325760e+05 
2005 9 22 9.615385e-01 7.325770e+05 
2005 9 23 9.615385e-01 7.325780e+05 
2005 9 24 9.615385e-01 7.325790e+05 
2005 9 25 9.615385e-01 7.325800e+05 
2005 9 26 9.615385e-01 7.325810e+05 
2005 9 27 9.615385e-01 7.325820e+05 
2005 9 28 9.615385e-01 7.325830e+05 
2005 9 29 1.390426e+00 7.325840e+05 
2005 9 30 2.856945e+00 7.325850e+05 
2005 10 1 1.923077e+00 7.325860e+05 
2005 10 2 1.923077e+00 7.325870e+05 
2005 10 3 1.923077e+00 7.325880e+05 
2005 10 4 1.923077e+00 7.325890e+05 
2005 10 5 1.923077e+00 7.325900e+05 
2005 10 6 0.000000e+00 7.325910e+05 
2005 10 7 0.000000e+00 7.325920e+05 
2005 10 8 0.000000e+00 7.325930e+05 
2005 10 9 0.000000e+00 7.325940e+05 
2005 10 10 0.000000e+00 7.325950e+05 
2005 10 11 4.385722e+00 7.325960e+05 
2005 10 12 7.775318e+00 7.325970e+05 
2005 10 13 1.211954e+01 7.325980e+05 
2005 10 14 1.610404e+01 7.325990e+05 
2005 10 15 2.071112e+01 7.326000e+05 
2005 10 16 1.436774e+01 7.326010e+05 
2005 10 17 1.339928e+01 7.326020e+05 
2005 10 18 1.150387e+01 7.326030e+05 
2005 10 19 8.557001e+00 7.326040e+05 
2005 10 20 6.377974e+00 7.326050e+05 
2005 10 21 5.513282e+00 7.326060e+05 
2005 10 22 4.807692e+00 7.326070e+05 
2005 10 23 3.846154e+00 7.326080e+05 
2005 10 24 3.846154e+00 7.326090e+05 
2005 10 25 4.994466e+00 7.326100e+05 
2005 10 26 7.519369e+00 7.326110e+05 
2005 10 27 1.039707e+01 7.326120e+05 
2005 10 28 2.318069e+01 7.326130e+05 
2005 10 29 3.330797e+01 7.326140e+05 
2005 10 30 5.325816e+01 7.326150e+05 
2005 10 31 8.720255e+01 7.326160e+05 
2005 11 1 5.809352e+01 7.326170e+05 
2005 11 2 2.756641e+01 7.326180e+05 
2005 11 3 2.115385e+01 7.326190e+05 
2005 11 4 2.266879e+01 7.326200e+05 
2005 11 5 2.017847e+01 7.326210e+05 
2005 11 6 1.713475e+01 7.326220e+05 
2005 11 7 1.312950e+01 7.326230e+05 
2005 11 8 1.081212e+01 7.326240e+05 
2005 11 9 2.475789e+01 7.326250e+05 
2005 11 10 4.354593e+01 7.326260e+05 
2005 11 11 3.458771e+01 7.326270e+05 
2005 11 12 2.562950e+01 7.326280e+05 
2005 11 13 2.018539e+01 7.326290e+05 
2005 11 14 1.586193e+01 7.326300e+05 
2005 11 15 1.281821e+01 7.326310e+05 
2005 11 16 1.073603e+01 7.326320e+05 
2005 11 17 9.615385e+00 7.326330e+05 
2005 11 18 9.615385e+00 7.326340e+05 
2005 11 19 1.041782e+01 7.326350e+05 
2005 11 20 9.615385e+00 7.326360e+05 
2005 11 21 8.335639e+00 7.326370e+05 
2005 11 22 7.692308e+00 7.326380e+05 
2005 11 23 6.730769e+00 7.326390e+05 
2005 11 24 6.730769e+00 7.326400e+05 
2005 11 25 6.730769e+00 7.326410e+05 
2005 11 26 6.495573e+00 7.326420e+05 
2005 11 27 5.769231e+00 7.326430e+05 
2005 11 28 5.374931e+00 7.326440e+05 
2005 11 29 4.807692e+00 7.326450e+05 
2005 11 30 4.807692e+00 7.326460e+05 
2005 12 1 4.655506e+00 7.326470e+05 
2005 12 2 3.846154e+00 7.326480e+05 
2005 12 3 3.846154e+00 7.326490e+05 
2005 12 4 3.846154e+00 7.326500e+05 
2005 12 5 2.884615e+00 7.326510e+05 
2005 12 6 2.884615e+00 7.326520e+05 
2005 12 7 2.884615e+00 7.326530e+05 
2005 12 8 2.884615e+00 7.326540e+05 
2005 12 9 2.884615e+00 7.326550e+05 
2005 12 10 2.884615e+00 7.326560e+05 
2005 12 11 2.884615e+00 7.326570e+05 
2005 12 12 2.884615e+00 7.326580e+05 
2005 12 13 2.884615e+00 7.326590e+05 
2005 12 14 2.884615e+00 7.326600e+05 
2005 12 15 2.884615e+00 7.326610e+05 
2005 12 16 2.019922e+00 7.326620e+05 
2005 12 17 1.923077e+00 7.326630e+05 
2005 12 18 1.923077e+00 7.326640e+05 
2005 12 19 1.126176e+01 7.326650e+05 
2005 12 20 5.442031e+01 7.326660e+05 
2005 12 21 9.291644e+01 7.326670e+05 
2005 12 22 1.007609e+02 7.326680e+05 
2005 12 23 9.157443e+01 7.326690e+05 
2005 12 24 1.003528e+02 7.326700e+05 
2005 12 25 9.284726e+01 7.326710e+05 
2005 12 26 8.321804e+01 7.326720e+05 
2005 12 27 8.113586e+01 7.326730e+05 
2005 12 28 6.951439e+01 7.326740e+05 
2005 12 29 5.019369e+01 7.326750e+05 
2005 12 30 4.162286e+01 7.326760e+05 
2005 12 31 4.984781e+01 7.326770e+05 
2006 1 1 6.133785e+01 7.326780e+05 
2006 1 2 8.411040e+01 7.326790e+05 
2006 1 3 6.678196e+01 7.326800e+05 
2006 1 4 5.291229e+01 7.326810e+05 
2006 1 5 1.069106e+02 7.326820e+05 
2006 1 6 1.071181e+02 7.326830e+05 
2006 1 7 7.474405e+01 7.326840e+05 
2006 1 8 5.561013e+01 7.326850e+05 
2006 1 9 9.612618e+01 7.326860e+05 
2006 1 10 8.043027e+01 7.326870e+05 
2006 1 11 5.139043e+01 7.326880e+05 
2006 1 12 4.378113e+01 7.326890e+05 
2006 1 13 6.979801e+01 7.326900e+05 
2006 1 14 7.193553e+01 7.326910e+05 
2006 1 15 4.834671e+01 7.326920e+05 
2006 1 16 4.127698e+01 7.326930e+05 
2006 1 17 8.542474e+01 7.326940e+05 
2006 1 18 8.020199e+01 7.326950e+05 
2006 1 19 4.839513e+01 7.326960e+05 
2006 1 20 2.646652e+01 7.326970e+05 
2006 1 21 1.885722e+01 7.326980e+05 
2006 1 22 1.353763e+01 7.326990e+05 
2006 1 23 1.149696e+01 7.327000e+05 
2006 1 24 9.975097e+00 7.327010e+05 
2006 1 25 1.001660e+01 7.327020e+05 
2006 1 26 1.382125e+01 7.327030e+05 
2006 1 27 1.574433e+01 7.327040e+05 
2006 1 28 1.726619e+01 7.327050e+05 
2006 1 29 1.790260e+01 7.327060e+05 
2006 1 30 2.547039e+01 7.327070e+05 
2006 1 31 3.020199e+01 7.327080e+05 
2006 2 1 4.562811e+01 7.327090e+05 
2006 2 2 5.886829e+01 7.327100e+05 
2006 2 3 5.297454e+01 7.327110e+05 
2006 2 4 8.324571e+01 7.327120e+05 
2006 2 5 8.677366e+01 7.327130e+05 
2006 2 6 5.170863e+01 7.327140e+05 
2006 2 7 2.886691e+01 7.327150e+05 
2006 2 8 1.756364e+01 7.327160e+05 
2006 2 9 1.451992e+01 7.327170e+05 
2006 2 10 1.198810e+01 7.327180e+05 
2006 2 11 9.615385e+00 7.327190e+05 
2006 2 12 8.944383e+00 7.327200e+05 
2006 2 13 7.692308e+00 7.327210e+05 
2006 2 14 7.692308e+00 7.327220e+05 
2006 2 15 7.263420e+00 7.327230e+05 
2006 2 16 6.730769e+00 7.327240e+05 
2006 2 17 6.142778e+00 7.327250e+05 
2006 2 18 4.807692e+00 7.327260e+05 
2006 2 19 4.807692e+00 7.327270e+05 
2006 2 20 4.807692e+00 7.327280e+05 
2006 2 21 3.901494e+00 7.327290e+05 
2006 2 22 3.846154e+00 7.327300e+05 
2006 2 23 3.846154e+00 7.327310e+05 
2006 2 24 3.846154e+00 7.327320e+05 
2006 2 25 3.846154e+00 7.327330e+05 
2006 2 26 3.846154e+00 7.327340e+05 
2006 2 27 6.613171e+00 7.327350e+05 
2006 2 28 8.653846e+00 7.327360e+05 
2006 3 1 8.072773e+00 7.327370e+05 
2006 3 2 9.795241e+00 7.327380e+05 
2006 3 3 1.057692e+01 7.327390e+05 
2006 3 4 1.023796e+01 7.327400e+05 
2006 3 5 8.716104e+00 7.327410e+05 
2006 3 6 1.160764e+01 7.327420e+05 
2006 3 7 2.154123e+01 7.327430e+05 
2006 3 8 2.368567e+01 7.327440e+05 
2006 3 9 2.429441e+01 7.327450e+05 
2006 3 10 2.255119e+01 7.327460e+05 
2006 3 11 1.523243e+01 7.327470e+05 
2006 3 12 9.601550e+00 7.327480e+05 
2006 3 13 8.079690e+00 7.327490e+05 
2006 3 14 6.730769e+00 7.327500e+05 
2006 3 15 6.730769e+00 7.327510e+05 
2006 3 16 6.730769e+00 7.327520e+05 
2006 3 17 7.623132e+00 7.327530e+05 
2006 3 18 7.201162e+00 7.327540e+05 
2006 3 19 6.730769e+00 7.327550e+05 
2006 3 20 6.080520e+00 7.327560e+05 
2006 3 21 5.520199e+00 7.327570e+05 
2006 3 22 5.617045e+00 7.327580e+05 
2006 3 23 2.328445e+01 7.327590e+05 
2006 3 24 4.620227e+01 7.327600e+05 
2006 3 25 4.948118e+01 7.327610e+05 
2006 3 26 3.550775e+01 7.327620e+05 
2006 3 27 2.015080e+01 7.327630e+05 
2006 3 28 1.344770e+01 7.327640e+05 
2006 3 29 9.767571e+00 7.327650e+05 
2006 3 30 9.131157e+00 7.327660e+05 
2006 3 31 9.615385e+00 7.327670e+05 
2006 4 1 1.090205e+01 7.327680e+05 
2006 4 2 1.250000e+01 7.327690e+05 
2006 4 3 1.169757e+01 7.327700e+05 
2006 4 4 1.153846e+01 7.327710e+05 
2006 4 5 -3.092371e-10 7.327720e+05 
