!--1--- ---2---- --3-- ---4--- --5--- ---6---- -7--
!Pressu Temperat Trans Fluores  PAR   Salinity Numb
!re     ure:     missi cence:         :T0:C0   er_o
!       Primary  vity  URU:                    ~bin
!                      Seapoin                 _rec
!                      t                       ords
!
!
!
!------ -------- ----- ------- ------ -------- ----
! Depth Temp Sal Chlor Fluores Nitrate Phyto
   1	 2   6	  -1	4	-1	-1
    2.4  15.1059  32.1   4.343    1.7  24.6573    1
    3.0  15.1023  31.7   4.326    1.6  24.6785   48
    4.0  15.0243  33.1   4.422    1.4  24.8815   33
    5.0  15.0184  35.4   4.102    1.2  25.4821   31
    6.0  14.9828  38.9   3.712    1.1  26.1878   25
    7.0  14.8965  41.3   3.427    1.0  26.6438   26
    8.0  14.7656  44.0   2.951    0.9  26.9072   29
    9.0  14.4663  47.3   2.483    0.9  27.2494   28
   10.0  14.2405  51.3   2.055    0.9  27.4274   27
   11.0  14.1429  51.6   1.628    0.9  27.4932   30
   12.0  13.9603  53.4   1.441    0.9  27.6209   29
   13.0  13.7991  54.1   1.224    0.8  27.7158   31
   14.0  13.6497  55.5   1.077    0.8  27.7893   26
   15.0  13.4814  55.9   0.924    0.8  27.8710   29
   16.0  13.1229  56.8   0.852    0.8  28.0984   27
   17.0  12.7422  57.2   0.783    0.8  28.3092   27
   18.0  12.4968  57.0   0.683    0.8  28.4858   29
   19.0  12.3380  56.5   0.666    0.8  28.6009   28
   20.0  12.2358  56.5   0.565    0.8  28.6862   28
   21.0  12.1861  56.7   0.522    0.8  28.6958   26
   22.0  12.0381  57.1   0.490    0.8  28.7923   27
   23.0  11.9546  57.4   0.414    0.8  28.8488   29
   24.0  11.9240  57.6   0.382    0.8  28.8755   29
   25.0  11.8948  57.6   0.353    0.8  28.9046   29
   26.0  11.6057  58.4   0.322    0.8  29.0892   27
   27.0  11.3609  58.7   0.292    0.8  29.2275   26
   28.0  11.3187  58.6   0.253    0.8  29.2500   28
   29.0  11.2392  58.7   0.255    0.8  29.3003   31
   30.0  11.1771  58.7   0.234    0.8  29.3389   29
   31.0  11.0603  58.8   0.187    0.8  29.4103   27
   32.0  10.5876  59.2   0.186    0.8  29.7030   27
   33.0  10.3838  59.8   0.165    0.8  29.8251   27
   34.0  10.3636  60.0   0.105    0.8  29.8332   18
   35.0  10.3499  60.2   0.079    0.8  29.8382   30
   36.0  10.3122  60.4   0.077    0.8  29.8473   27
   37.0  10.2269  60.7   0.120    0.8  29.8625   28
   38.0  10.1900  61.2   0.104    0.8  29.8639   28
   39.0  10.1562  61.4   0.076    0.8  29.8648   29
   40.0  10.1174  61.7   0.073    0.8  29.8760   29
   41.0  10.0605  61.9   0.065    0.8  29.9049   30
   42.0  10.0061  62.2   0.047    0.8  29.9323   28
   43.0   9.9737  62.2   0.048    0.8  29.9455   27
   44.0   9.9436  62.4   0.074    0.8  29.9526   27
   45.0   9.9313  62.6   0.054    0.8  29.9590   27
   46.0   9.8836  62.5   0.042    0.8  29.9796   27
   47.0   9.8410  62.8   0.041    0.8  30.0093   16
   48.0   9.8083  62.7   0.088    0.8  30.0318   28
   49.0   9.7975  62.8   0.041    0.8  30.0430   20
   50.0   9.7943  62.7   0.030    0.8  30.0465   22
   51.0   9.7903  62.6   0.024    0.8  30.0500   14
   52.0   9.7876  62.8   0.035    0.8  30.0537   29
   53.0   9.7613  62.7   0.030    0.8  30.0793   16
   54.0   9.6942  62.6   0.031    0.8  30.1436   16
   55.0   9.6738  62.6   0.024    0.8  30.1776   26
   56.0   9.6708  62.4   0.018    0.8  30.2031   26
   57.0   9.6298  62.4   0.030    0.8  30.2117   16
   58.0   9.6276  62.4   0.028    0.8  30.2237   27
   59.0   9.6315  62.3   0.018    0.8  30.2309   28
   60.0   9.6362  62.2   0.014    0.8  30.2441   26
   61.0   9.6199  62.2   0.015    0.8  30.2612   16
   62.0   9.6031  62.1   0.015    0.8  30.2833   24
   63.0   9.6372  62.0   0.012    0.8  30.3259   26
   64.0   9.6400  61.9   0.011    0.8  30.3583   28
   65.0   9.6331  61.9   0.010    0.8  30.3698   27
   66.0   9.6776  61.7   0.012    0.8  30.4041   28
   67.0   9.7516  61.3   0.010    0.8  30.4522   14
   68.0   9.8070  60.7   0.011    0.8  30.4948   26
   69.0   9.8272  60.4   0.019    0.8  30.5088   15
   70.0   9.8353  60.1   0.015    0.8  30.5143   28
   71.0   9.8492  59.9   0.017    0.8  30.5243   28
   72.0   9.8573  59.8   0.010    0.8  30.5360   27
   73.0   9.8252  59.9   0.014    0.8  30.5423   27
   74.0   9.8313  59.7   0.008    0.8  30.5598   28
   75.0   9.8326  59.7   0.009    0.8  30.5678   28
   76.0   9.8339  59.7   0.011    0.8  30.5749   27
   77.0   9.8361  59.7   0.009    0.8  30.5795   28
   78.0   9.8329  59.6   0.014    0.8  30.5835   27
   79.1   9.9236  59.3   0.010    0.8  30.6138   21
   80.0   9.9397  59.0   0.012    0.8  30.6190   28
   81.0   9.9096  58.9   0.010    0.8  30.6330   27
   82.0   9.8935  59.0   0.010    0.8  30.6424   27
   83.0   9.8913  59.0   0.007    0.8  30.6588   28
   84.0   9.9364  58.9   0.008    0.8  30.6738   29
   85.0   9.9467  58.6   0.008    0.8  30.6737   26
   86.0   9.9111  58.7   0.009    0.8  30.6675   26
   87.0   9.8972  58.9   0.013    0.8  30.6678   27
   88.0   9.8977  58.9   0.005    0.8  30.6687   15
   89.0   9.8984  59.1   0.005    0.8  30.6697   28
   90.0   9.9031  59.0   0.006    0.8  30.6742   27
   91.0   9.9045  59.0   0.009    0.8  30.6754   21
   92.0   9.9094  59.0   0.010    0.8  30.6788   20
   93.0   9.9339  58.8   0.011    0.8  30.6982   20
   94.0   9.9684  58.5   0.008    0.8  30.7158   23
   95.0   9.9718  58.2   0.007    0.8  30.7168   28
   96.0  10.0052  58.0   0.006    0.8  30.7393   24
   97.0  10.0067  57.5   0.012    0.8  30.7513   16
   98.0   9.9986  57.5   0.012    0.8  30.7523   16
   99.0   9.9916  57.5   0.006    0.8  30.7539   26
  100.0   9.9805  57.5   0.009    0.8  30.7604   28
  101.0   9.9733  57.5   0.007    0.8  30.7643   15
  102.0   9.9446  57.1   0.007    0.8  30.7905   27
  103.0   9.9208  56.6   0.007    0.8  30.7979   23
  104.0   9.8982  56.5   0.006    0.8  30.7964   12
  105.0   9.8572  56.5   0.005    0.8  30.7904   19
  106.0   9.8233  56.8   0.007    0.8  30.7840   28
  107.0   9.8108  56.8   0.013    0.8  30.7821   30
  108.0   9.7979  56.8   0.019    0.8  30.7802   15
  109.0   9.7964  56.5   0.010    0.8  30.7832   26
  110.0   9.7892  56.5   0.009    0.8  30.7910   27
  111.0   9.7773  56.5   0.009    0.8  30.7951   28
  112.0   9.7665  56.4   0.010    0.8  30.7953   28
  113.0   9.7542  56.3   0.011    0.8  30.8057   26
  114.0   9.7605  56.3   0.011    0.8  30.8142   26
  115.0   9.7600  56.1   0.009    0.8  30.8185   14
  116.0   9.7437  56.4   0.011    0.8  30.8294   27
  117.0   9.7405  56.2   0.013    0.8  30.8345   27
  118.0   9.7401  56.2   0.010    0.8  30.8355   27
  119.0   9.7377  56.3   0.009    0.8  30.8368   27
  120.0   9.7381  56.2   0.008    0.8  30.8392   27
  121.0   9.7382  56.1   0.016    0.8  30.8477   26
  122.0   9.7308  56.1   0.009    0.8  30.8547   14
  123.0   9.7236  56.3   0.007    0.8  30.8598   26
  124.0   9.7211  56.4   0.004    0.8  30.8631   27
  125.0   9.7172  56.4   0.012    0.8  30.8655   27
  126.0   9.7144  56.4   0.008    0.8  30.8681   27
  127.0   9.7119  56.5   0.006    0.8  30.8702   26
  128.0   9.7094  56.3   0.013    0.8  30.8722   26
  129.0   9.6975  56.4   0.008    0.8  30.8799   27
  130.0   9.6897  56.4   0.009    0.8  30.8841   26
  131.0   9.6785  56.3   0.005    0.8  30.8870   15
  132.0   9.6477  56.4   0.010    0.8  30.8973   25
  133.0   9.6272  56.6   0.004    0.8  30.9215   26
  134.0   9.6185  56.3   0.009    0.8  30.9313   26
  135.0   9.6010  56.3   0.005    0.8  30.9358   27
  136.0   9.5962  56.2   0.011    0.8  30.9372   25
  137.0   9.5961  56.2   0.027    0.8  30.9378   28
  138.0   9.5944  56.4   0.007    0.8  30.9397   27
  139.0   9.5947  56.1   0.006    0.8  30.9414   26
  140.0   9.5950  55.9   0.008    0.8  30.9422   13
  141.0   9.5956  55.9   0.005    0.8  30.9431   26
  142.0   9.5965  55.7   0.008    0.8  30.9442   26
  143.0   9.5971  55.9   0.009    0.8  30.9449   27
  144.0   9.5972  55.9   0.012    0.8  30.9454   15
  145.0   9.5972  55.7   0.011    0.8  30.9474   26
  146.0   9.5926  55.7   0.009    0.8  30.9516   25
  147.0   9.5790  55.7   0.006    0.8  30.9583   27
  148.0   9.5739  55.8   0.006    0.8  30.9601   27
  149.0   9.5721  55.7   0.006    0.8  30.9606   26
  150.0   9.5709  55.6   0.008    0.8  30.9613   27
  151.0   9.5680  55.7   0.007    0.8  30.9642   27
  152.0   9.5562  55.7   0.009    0.8  30.9708   19
  153.0   9.5430  55.6   0.011    0.8  30.9709   22
  154.0   9.5354  55.7   0.007    0.8  30.9720   26
  155.0   9.5328  55.7   0.006    0.8  30.9732   27
  156.0   9.5318  55.8   0.007    0.8  30.9746   28
  157.0   9.5299  55.8   0.012    0.8  30.9755   27
  158.0   9.5223  55.7   0.008    0.8  30.9775   25
  159.0   9.5172  55.8   0.008    0.8  30.9784   27
  160.0   9.5148  55.9   0.010    0.8  30.9801   27
  161.0   9.5167  55.8   0.008    0.8  30.9803   27
  162.0   9.5163  55.9   0.006    0.8  30.9802   16
  163.0   9.5146  55.9   0.012    0.8  30.9804   28
  164.0   9.5134  55.9   0.008    0.8  30.9818   25
  165.0   9.5117  55.8   0.006    0.8  30.9828   26
  166.0   9.5091  55.9   0.004    0.8  30.9840   28
  167.0   9.5088  55.9   0.008    0.8  30.9862   27
  168.0   9.5087  55.8   0.007    0.8  30.9891   29
  169.0   9.5121  55.7   0.006    0.8  30.9921   15
  170.0   9.5149  55.4   0.007    0.8  31.0008   22
  171.0   9.5124  55.5   0.008    0.8  31.0054   26
  172.0   9.5016  55.3   0.011    0.8  31.0154   23
  173.0   9.5014  55.1   0.007    0.8  31.0166   27
  174.0   9.5009  55.2   0.007    0.8  31.0172   28
  175.0   9.4963  55.1   0.016    0.8  31.0188   25
  176.0   9.4900  55.2   0.008    0.8  31.0212   26
  177.0   9.4871  55.1   0.009    0.8  31.0231   25
  178.0   9.4780  55.2   0.005    0.8  31.0251   16
  179.0   9.4527  55.1   0.013    0.8  31.0341   17
  180.0   9.4333  55.0   0.012    0.8  31.0403   26
  181.0   9.4232  55.0   0.011    0.8  31.0415   27
  182.0   9.4076  55.0   0.009    0.8  31.0420   25
  183.0   9.3928  55.0   0.014    0.8  31.0434   27
  184.0   9.3879  54.9   0.011    0.8  31.0443   26
  185.0   9.3828  54.8   0.004    0.8  31.0459   17
  186.0   9.3753  54.7   0.007    0.8  31.0493   27
  187.0   9.3735  54.6   0.007    0.8  31.0504   26
  188.0   9.3737  54.5   0.003    0.8  31.0516   25
  189.0   9.3727  54.6   0.005    0.8  31.0538   24
  190.0   9.3676  54.5   0.006    0.8  31.0571   18
  191.0   9.3609  54.2   0.007    0.8  31.0587   26
  192.0   9.3518  54.1   0.009    0.8  31.0612   27
  193.0   9.3416  54.6   0.008    0.8  31.0670   26
  194.0   9.3412  54.4   0.011    0.8  31.0716   16
  195.0   9.3421  54.0   0.010    0.8  31.0741   18
  196.0   9.3425  53.9   0.011    0.8  31.0766   20
  197.0   9.3439  53.9   0.010    0.8  31.0791   27
  198.0   9.3426  53.8   0.004    0.8  31.0792   27
  199.0   9.3488  53.7   0.006    0.8  31.0829   28
  200.0   9.3513  53.6   0.007    0.8  31.0882   25
  201.0   9.3439  53.6   0.006    0.8  31.0904   27
  202.0   9.3425  53.6   0.008    0.8  31.0914   27
  203.0   9.3414  53.7   0.006    0.8  31.0920   28
  204.0   9.3389  53.6   0.002    0.8  31.0927   28
  205.0   9.3383  53.6   0.009    0.8  31.0933   24
  206.0   9.3396  53.6   0.007    0.8  31.0931   26
  207.0   9.3400  53.4   0.010    0.8  31.0935   24
  208.0   9.3409  53.4   0.007    0.8  31.0951   26
  209.0   9.3473  53.3   0.010    0.8  31.0968   17
  210.0   9.3478  53.3   0.005    0.8  31.0990   26
  211.0   9.3486  53.3   0.004    0.8  31.1001   27
  212.0   9.3425  53.4   0.012    0.8  31.0998   27
  213.0   9.3357  53.2   0.007    0.8  31.0990   25
  214.0   9.3295  53.2   0.004    0.8  31.0983   23
  215.0   9.3202  53.3   0.006    0.8  31.0981   19
  216.0   9.3169  53.7   0.007    0.8  31.0980   28
  217.0   9.3153  53.6   0.008    0.8  31.0993   27
  218.0   9.3120  53.7   0.005    0.8  31.1033   26
  219.0   9.3118  53.7   0.004    0.8  31.1079   15
  220.0   9.3122  53.6   0.005    0.8  31.1111   23
  221.0   9.3118  53.4   0.005    0.8  31.1152   28
  222.0   9.3116  53.2   0.008    0.8  31.1168   22
  223.0   9.3125  53.3   0.002    0.8  31.1210   19
  224.0   9.3127  53.2   0.004    0.8  31.1217   22
  225.0   9.3127  53.3   0.008    0.8  31.1226   19
  226.0   9.3154  53.2   0.005    0.8  31.1274   23
  227.0   9.3168  53.2   0.005    0.8  31.1282   29
  228.0   9.3180  53.2   0.012    0.8  31.1288   29
  229.0   9.3198  53.0   0.008    0.8  31.1290   24
  230.0   9.3234  53.0   0.005    0.8  31.1295   27
  231.0   9.3267  53.2   0.010    0.8  31.1323   14
  232.0   9.3276  53.3   0.011    0.8  31.1337   29
  233.0   9.3252  53.2   0.006    0.8  31.1437   26
  234.0   9.3178  53.0   0.010    0.8  31.1467   15
  235.0   9.3087  52.6   0.007    0.8  31.1463   27
  236.0   9.3056  52.1   0.009    0.8  31.1466   25
  237.0   9.3039  52.0   0.006    0.8  31.1496   26
  238.0   9.3003  51.8   0.011    0.8  31.1526   27
  239.0   9.2982  51.8   0.016    0.8  31.1535   28
  240.0   9.2932  51.4   0.012    0.8  31.1544   24
  241.0   9.2899  51.2   0.006    0.8  31.1553   26
  242.0   9.2885  51.3   0.005    0.8  31.1554   13
  243.0   9.2867  51.2   0.011    0.8  31.1557   27
  244.0   9.2862  51.2   0.010    0.8  31.1558   27
  245.0   9.2852  51.2   0.011    0.8  31.1556   27
  246.0   9.2831  51.0   0.008    0.8  31.1556   28
  247.0   9.2814  50.9   0.005    0.8  31.1556   27
  248.0   9.2808  50.9   0.009    0.8  31.1558   27
  249.0   9.2794  50.8   0.009    0.8  31.1555   24
  250.0   9.2776  50.5   0.009    0.8  31.1556   28
  251.0   9.2771  50.6   0.016    0.8  31.1556   20
  252.0   9.2764  50.7   0.009    0.8  31.1559   24
  253.0   9.2757  50.5   0.009    0.8  31.1575   26
  254.0   9.2760  50.6   0.008    0.8  31.1583   26
  255.0   9.2755  50.8   0.008    0.8  31.1594   27
  256.0   9.2755  51.0   0.009    0.8  31.1602   29
  257.0   9.2756  51.2   0.009    0.8  31.1605   28
  258.0   9.2753  51.0   0.005    0.8  31.1617   24
  259.0   9.2738  51.1   0.006    0.8  31.1628   12
  260.0   9.2732  51.3   0.006    0.8  31.1633   27
  261.0   9.2728  51.3   0.004    0.8  31.1639   26
  262.0   9.2714  51.4   0.005    0.8  31.1651   20
  263.0   9.2717  51.6   0.016    0.8  31.1668   26
  264.0   9.2707  51.9   0.012    0.8  31.1680   20
  265.0   9.2677  52.1   0.006    0.8  31.1700   21
  266.0   9.2665  52.2   0.007    0.8  31.1709   26
  267.0   9.2663  52.5   0.006    0.8  31.1714   30
  268.0   9.2661  52.3   0.017    0.8  31.1717   27
  269.0   9.2656  52.4   0.011    0.8  31.1725   28
  270.0   9.2652  53.2   0.006    0.8  31.1737   26
  271.0   9.2652  53.4   0.009    0.8  31.1743   13
  272.0   9.2650  53.8   0.004    0.8  31.1748   14
  273.0   9.2650  54.1   0.003    0.8  31.1747   18
  274.0   9.2650  54.0   0.012    0.8  31.1749   27
  275.0   9.2647  54.0   0.007    0.8  31.1753   26
  276.0   9.2643  53.7   0.005    0.8  31.1758   16
  277.0   9.2639  53.7   0.014    0.8  31.1765   23
  278.0   9.2646  53.7   0.011    0.8  31.1776   24
  279.0   9.2643  53.8   0.012    0.8  31.1779   15
  280.0   9.2639  54.1   0.005    0.8  31.1788   29
  281.0   9.2659  53.8   0.015    0.8  31.1820   22
  282.0   9.2705  53.9   0.010    0.8  31.1856   20
  283.0   9.2745  54.0   0.006    0.8  31.1875   17
  284.0   9.2838  53.9   0.011    0.8  31.1921   24
  285.0   9.2863  53.7   0.008    0.8  31.1933   27
  286.0   9.2865  53.7   0.008    0.8  31.1941   24
  287.0   9.3136  53.5   0.013    0.8  31.2046   22
  288.0   9.3259  53.2   0.014    0.8  31.2070   26
  289.0   9.3252  52.8   0.014    0.8  31.2070   25
  290.0   9.3294  52.8   0.012    0.8  31.2086   26
  291.0   9.3328  52.8   0.013    0.8  31.2095   25
  292.0   9.3369  52.9   0.009    0.8  31.2111   28
  293.0   9.3400  52.7   0.012    0.8  31.2116   25
  294.0   9.3461  52.3   0.009    0.8  31.2135   24
  295.0   9.3492  52.1   0.010    0.8  31.2145   21
  296.0   9.3532  52.2   0.013    0.8  31.2155   24
  297.0   9.3539  52.2   0.012    0.8  31.2156   24
  298.0   9.3601  52.2   0.011    0.8  31.2175   26
  299.0   9.3707  51.6   0.010    0.8  31.2198   22
  300.0   9.3720  51.5   0.022    0.8  31.2198   24
  301.0   9.3688  51.6   0.024    0.8  31.2191   25
  302.0   9.3741  51.6   0.029    0.8  31.2204   24
  303.0   9.3810  51.6   0.023    0.8  31.2222   10
  304.0   9.4093  51.2   0.018    0.8  31.2331   25
  305.0   9.4689  49.4   0.022    0.8  31.2539   24
  306.0   9.4595  48.4   0.037    0.8  31.2529   25
  307.0   9.4416  48.2   0.042    0.8  31.2493   25
  308.0   9.4120  48.8   0.034    0.8  31.2441   25
  309.0   9.3935  49.2   0.029    0.8  31.2414   25
  310.0   9.3922  49.5   0.038    0.8  31.2429   26
  311.0   9.3993  49.3   0.025    0.8  31.2452   25
  312.0   9.3974  49.4   0.022    0.8  31.2479   12
  313.0   9.3959  49.3   0.034    0.8  31.2532   26
  314.0   9.3992  49.2   0.031    0.8  31.2606   26
  315.0   9.4030  48.5   0.034    0.8  31.2662   25
  316.0   9.4011  48.4   0.032    0.8  31.2710   22
  317.0   9.4014  48.4   0.046    0.8  31.2731   15
  318.0   9.4000  48.2   0.025    0.8  31.2736   26
  319.0   9.3981  48.3   0.037    0.8  31.2743   13
  320.0   9.3984  48.2   0.037    0.8  31.2755   26
  321.0   9.3976  48.3   0.020    0.8  31.2764   25
  322.0   9.4070  47.6   0.020    0.8  31.2811   22
  323.0   9.4192  47.6   0.033    0.8  31.2852   26
  324.0   9.4284  46.9   0.029    0.8  31.2883   25
  325.0   9.4300  46.7   0.048    0.8  31.2890   27
  326.0   9.4334  46.5   0.053    0.8  31.2900   24
  327.0   9.4393  46.2   0.039    0.8  31.2928   25
  328.0   9.4398  46.1   0.044    0.8  31.2938   26
  329.0   9.4423  45.9   0.048    0.8  31.2958   25
  330.0   9.4468  45.7   0.037    0.8  31.2991   26
  331.0   9.4492  45.3   0.044    0.8  31.3001   13
  332.0   9.4496  44.9   0.040    0.8  31.3002   25
  333.0   9.4515  45.1   0.054    0.8  31.3008   26
  334.0   9.4532  45.3   0.045    0.8  31.3010   24
  335.0   9.4538  44.3   0.052    0.8  31.3009   25
  336.0   9.4535  44.9   0.039    0.8  31.3010   26
  337.0   9.4534  45.1   0.043    0.8  31.3017   13
  338.0   9.4585  44.7   0.045    0.8  31.3031   27
  339.0   9.4574  44.9   0.036    0.8  31.3030   26
  340.0   9.4579  44.7   0.041    0.8  31.3027   25
  341.0   9.4561  44.3   0.051    0.8  31.3016   25
  342.0   9.4574  45.1   0.038    0.8  31.3032   27
  343.0   9.4659  44.9   0.052    0.8  31.3053   27
  344.0   9.4708  44.6   0.041    0.8  31.3079   27
  345.0   9.4699  44.3   0.035    0.8  31.3067   27
  346.0   9.4652  44.2   0.040    0.8  31.3075   15
  347.0   9.4640  44.1   0.045    0.8  31.3079   23
  348.0   9.4607  44.1   0.047    0.8  31.3068   27
  349.0   9.4478  44.1   0.047    0.8  31.3055   27
  350.0   9.4476  44.3   0.045    0.8  31.3058   28
  351.0   9.4461  44.1   0.052    0.8  31.3063   26
  352.0   9.4466  43.9   0.040    0.8  31.3063   11
  353.0   9.4490  43.8   0.050    0.8  31.3062   27
  354.0   9.4501  44.2   0.047    0.8  31.3067   26
  355.0   9.4526  44.3   0.049    0.8  31.3081   18
  356.0   9.4522  43.8   0.037    0.8  31.3076   27
  357.0   9.4474  43.9   0.062    0.8  31.3070   22
  358.0   9.4462  44.2   0.050    0.8  31.3067   25
  359.0   9.4465  44.0   0.037    0.8  31.3080   30
  360.0   9.4550  44.1   0.039    0.8  31.3107   36
  361.0   9.4597  44.0   0.036    0.8  31.3116   30
  362.0   9.4692  43.4   0.045    0.8  31.3145   26
  363.0   9.4756  43.3   0.032    0.8  31.3156   27
  364.0   9.4739  43.4   0.058    0.8  31.3157   35
  365.0   9.4727  43.6   0.051    0.8  31.3144   35
  366.0   9.4702  43.5   0.078    0.8  31.3147   31
  367.0   9.4736  43.5   0.034    0.8  31.3159   29
  368.0   9.4748  43.2   0.042    0.8  31.3168   21
  369.0   9.4888  43.1   0.053    0.8  31.3239   38
  370.0   9.4911  43.1   0.051    0.8  31.3284   59
  370.9   9.4894  43.0   0.047    0.8  31.3295   49
  372.0   9.4672  42.1   0.050    0.8  31.3346   41
  373.0   9.4546  41.9   0.058    0.8  31.3433   62
  373.9   9.4540  41.1   0.045    0.8  31.3446   27
